2.00000000000000e+01	-1.36980317059602e-01,-4.94141779928714e-01
2.04658598456151e+01	-1.57282103102954e-01,-4.99489481218631e-01
2.09425709610180e+01	-1.78239322218169e-01,-5.03698539908897e-01
2.14303861047521e+01	-1.99781066707724e-01,-5.06683980512191e-01
2.19295639228637e+01	-2.21826526691930e-01,-5.08363843477391e-01
2.24403690860393e+01	-2.44284884037438e-01,-5.08660225684882e-01
2.29630724299377e+01	-2.67055306028948e-01,-5.07500372755412e-01
2.34979510987906e+01	-2.90027048082931e-01,-5.04817814539495e-01
2.40452886923483e+01	-3.13079674146223e-01,-5.00553533813943e-01
2.46053754162476e+01	-3.36083402591715e-01,-4.94657156917309e-01
2.51785082358833e+01	-3.58899584418838e-01,-4.87088153825083e-01
2.57649910338627e+01	-3.81381319393258e-01,-4.77817034020672e-01
2.63651347711281e+01	-4.03374214429527e-01,-4.66826523484681e-01
2.69792576518331e+01	-4.24717287044240e-01,-4.54112707221581e-01
2.76076852920577e+01	-4.45244015096879e-01,-4.39686120984042e-01
2.82507508924551e+01	-4.64783532310811e-01,-4.23572775261465e-01
2.89087954149185e+01	-4.83161967247863e-01,-4.05815094184655e-01
2.95821677633641e+01	-5.00203921508664e-01,-3.86472751766106e-01
3.02712249687242e+01	-5.15734080977592e-01,-3.65623387863303e-01
3.09763323782496e+01	-5.29578951937409e-01,-3.43363186417358e-01
3.16978638492223e+01	-5.41568711868108e-01,-3.19807298887419e-01
3.24362019471786e+01	-5.51539162735131e-01,-2.95090096373330e-01
3.31917381487512e+01	-5.59333772582009e-01,-2.69365234692842e-01
3.39648730492349e+01	-5.64805789283693e-01,-2.42805517651410e-01
3.47560165749875e+01	-5.67820408407500e-01,-2.15602544912219e-01
3.55655882007784e+01	-5.68256975281049e-01,-1.87966132237074e-01
3.63940171721997e+01	-5.66011199585725e-01,-1.60123493421520e-01
3.72417427332573e+01	-5.60997359100412e-01,-1.32318174992604e-01
3.81092143592649e+01	-5.53150467613082e-01,-1.04808736672339e-01
3.89968919951609e+01	-5.42428380514327e-01,-7.78671727390966e-02
3.99052462993776e+01	-5.28813810197322e-01,-5.17770717480967e-02
4.08347588933906e+01	-5.12316222125051e-01,-2.68315146067056e-02
4.17859226170808e+01	-4.92973581306180e-01,-3.33071375104485e-03
4.27592417900446e+01	-4.70853917973083e-01,1.84206008522877e-02
4.37552324789910e+01	-4.46056680496364e-01,3.81160399422827e-02
4.47744227713668e+01	-4.18713843044742e-01,5.54506450394686e-02
4.58173530553554e+01	-3.88990735243813e-01,7.01241942496993e-02
4.68845763063984e+01	-3.57086561148465e-01,8.18447037123206e-02
4.79766583803898e+01	-3.23234575286992e-01,9.03321003849405e-02
4.90941783137006e+01	-2.87701884414498e-01,9.53220373912084e-02
5.02377286301916e+01	-2.50788845007381e-01,9.65698184748640e-02
5.14079156553772e+01	-2.12828028513748e-01,9.38543932403576e-02
5.26053598379076e+01	-1.74182729021363e-01,8.69823798692482e-02
5.38306960785383e+01	-1.35244991404569e-01,7.57920669578566e-02
5.50845740667633e+01	-9.64331422285401e-02,6.01573411128234e-02
5.63676586252890e+01	-5.81888108049876e-02,3.99914820864324e-02
5.76806300625321e+01	-2.09734338570486e-02,1.52507626657535e-02
5.90241845333277e+01	1.47357556924945e-02,-1.40622135896316e-02
6.03990344080403e+01	4.84502472293164e-02,-4.78955071573069e-02
6.18059086502718e+01	7.96752606075425e-02,-8.61452429676944e-02
6.32455532033675e+01	1.07915216299989e-01,-1.28653491103689e-01
6.47187313859256e+01	1.32679628994093e-01,-1.75206702813380e-01
6.62262242965182e+01	1.53489374472065e-01,-2.25534775720043e-01
6.77688312278404e+01	1.69883267446431e-01,-2.79310819250221e-01
6.93473700905062e+01	1.81424875538390e-01,-3.36151686510965e-01
7.09626778467150e+01	1.87709482077425e-01,-3.95619331951433e-01
7.26156109540202e+01	1.88371098207318e-01,-4.57223045000811e-01
7.43070458194344e+01	1.83089413298318e-01,-5.20422598393682e-01
7.60378792641121e+01	1.71596562320178e-01,-5.84632336054382e-01
7.78090289988560e+01	1.53683580091496e-01,-6.49226209264604e-01
7.96214341106993e+01	1.29206405670842e-01,-7.13543751532921e-01
8.14760555608224e+01	9.80912960782767e-02,-7.76896962359123e-01
8.33738766940670e+01	6.03395074986492e-02,-8.38578048290001e-01
8.53159037603184e+01	1.60311045461937e-02,-8.97867946755538e-01
8.73031664480331e+01	-3.46722355783614e-02,-9.54045534707693e-01
8.93367184301925e+01	-9.15255468609558e-02,-1.00639740072527e+00
9.14176379229749e+01	-1.54200134406898e-01,-1.05422803672443e+00
9.35470282574395e+01	-2.22284459902910e-01,-1.09687028453467e+00
9.57260184645275e+01	-2.95286418996136e-01,-1.13369585421305e+00
9.79557638736891e+01	-3.72637050178869e-01,-1.16412571587959e+00
1.00237446725454e+02	-4.53695684647668e-01,-1.18764015592911e+00
1.02572276798273e+02	-5.37756513827411e-01,-1.20378828239964e+00
1.04961492049954e+02	-6.24056516648900e-01,-1.21219676370236e+00
1.07406359274050e+02	-7.11784653238563e-01,-1.21257759033610e+00
1.09908174771525e+02	-8.00092196507549e-01,-1.20473466086098e+00
1.12468265038070e+02	-8.88104039423167e-01,-1.18856901141609e+00
1.15087987467431e+02	-9.74930784714952e-01,-1.16408253221832e+00
1.17768731071118e+02	-1.05968139663278e+00,-1.13138004437997e+00
1.20511917214871e+02	-1.14147617225305e+00,-1.09066964532471e+00
1.23319000372296e+02	-1.21945977375502e+00,-1.04226127018387e+00
1.26191468896038e+02	-1.29281405385876e+00,-9.86563458645618e-01
1.29130845806931e+02	-1.36077040485145e+00,-9.24078360537351e-01
1.32138689601519e+02	-1.42262136763240e+00,-8.55395057490255e-01
1.35216595078396e+02	-1.47773125103193e+00,-7.81181320891554e-01
1.38366194183787e+02	-1.52554553301684e+00,-7.02173966469697e-01
1.41589156876827e+02	-1.56559884368585e+00,-6.19168001851686e-01
1.44887192014998e+02	-1.59752136436058e+00,-5.33004794020196e-01
1.48262048260183e+02	-1.62104351640325e+00,-4.44559507653503e-01
1.51715515005836e+02	-1.63599885637144e+00,-3.54728082047019e-01
1.55249423325738e+02	-1.64232513925007e+00,-2.64414023121075e-01
1.58865646944856e+02	-1.64006355722761e+00,-1.74515287682266e-01
1.62566103232819e+02	-1.62935620626952e+00,-8.59115297163722e-02
1.66352754220534e+02	-1.61044187506711e+00,5.48036558219195e-04
1.70227607640475e+02	-1.58365028944290e+00,8.40559241610629e-02
1.74192717991216e+02	-1.54939497879218e+00,1.63856606664160e-01
1.78250187626749e+02	-1.50816495869309e+00,2.39255525583266e-01
1.82402167871181e+02	-1.46051544470821e+00,3.09626736577996e-01
1.86650860159398e+02	-1.40705782628156e+00,3.74419097908258e-01
1.90998517204287e+02	-1.34844913634925e+00,4.33160944138143e-01
1.95447444191162e+02	-1.28538125202631e+00,4.85463227106761e-01
1.99999999999999e+02	-1.21857005492062e+00,5.31021143457439e-01
2.04658598456150e+02	-1.14874476689076e+00,5.69614302432890e-01
2.09425709610179e+02	-1.07663765923642e+00,6.01105518295968e-01
2.14303861047521e+02	-1.00297431131993e+00,6.25438337915958e-01
2.19295639228636e+02	-9.28464569491891e-01,6.42633435286880e-01
2.24403690860392e+02	-8.53794329979950e-01,6.52784020755174e-01
2.29630724299376e+02	-7.79618241125312e-01,6.56050423478464e-01
2.34979510987905e+02	-7.06553391987600e-01,6.52654011257346e-01
2.40452886923482e+02	-6.35174026763505e-01,6.42870612688776e-01
2.46053754162476e+02	-5.66007298451167e-01,6.27023603043524e-01
2.51785082358833e+02	-4.99530051331515e-01,6.05476807893936e-01
2.57649910338626e+02	-4.36166600657337e-01,5.78627367974570e-01
2.63651347711281e+02	-3.76287459732991e-01,5.46898695671416e-01
2.69792576518330e+02	-3.20208949555638e-01,5.10733638598496e-01
2.76076852920576e+02	-2.68193614417655e-01,4.70587949564288e-01
2.82507508924550e+02	-2.20451358299947e-01,4.26924145473635e-01
2.89087954149185e+02	-1.77141211358607e-01,3.80205820891576e-01
2.95821677633641e+02	-1.38373633100274e-01,3.30892465597888e-01
3.02712249687241e+02	-1.04213258664693e-01,2.79434819882701e-01
3.09763323782495e+02	-7.46819966568882e-02,2.26270786885549e-01
3.16978638492222e+02	-4.97623908509541e-02,1.71821908211974e-01
3.24362019471785e+02	-2.94011634607365e-02,1.16490397519475e-01
3.31917381487511e+02	-1.35128641952381e-02,6.06567168528754e-02
3.39648730492348e+02	-1.98355665207819e-03,4.67767224037070e-03
3.47560165749874e+02	5.32551854975064e-03,-5.11150015732635e-02
3.55655882007783e+02	8.57435641359680e-03,-1.06415602466223e-01
3.63940171721995e+02	7.94072041629939e-03,-1.60945007189761e-01
3.72417427332572e+02	3.61683211273963e-03,-2.14450843672740e-01
3.81092143592648e+02	-4.19375348516991e-03,-2.66707331651278e-01
3.89968919951608e+02	-1.52790647737727e-02,-3.17514833993610e-01
3.99052462993774e+02	-2.94214071487035e-02,-3.66699160323591e-01
4.08347588933904e+02	-4.63998236296361e-02,-4.14110663064171e-01
4.17859226170806e+02	-6.59923179828595e-02,-4.59623163970607e-01
4.27592417900445e+02	-8.79778402823212e-02,-5.03132746746339e-01
4.37552324789909e+02	-1.12138038656223e-01,-5.44556448548898e-01
4.47744227713666e+02	-1.38258784125687e-01,-5.83830880207613e-01
4.58173530553553e+02	-1.66131477995851e-01,-6.20910801908075e-01
4.68845763063983e+02	-1.95554153246997e-01,-6.55767677993397e-01
4.79766583803896e+02	-2.26332382851154e-01,-6.88388231496158e-01
4.90941783137004e+02	-2.58280008960330e-01,-7.18773016080788e-01
5.02377286301914e+02	-2.91219707527500e-01,-7.46935020279716e-01
5.14079156553771e+02	-3.24983403197795e-01,-7.72898316315021e-01
5.26053598379074e+02	-3.59412549281903e-01,-7.96696763379769e-01
5.38306960785381e+02	-3.94358287357446e-01,-8.18372773061958e-01
5.50845740667631e+02	-4.29681500588479e-01,-8.37976142637457e-01
5.63676586252888e+02	-4.65252774227778e-01,-8.55562960186346e-01
5.76806300625319e+02	-5.00952276043801e-01,-8.71194583973350e-01
5.90241845333275e+02	-5.36669568587921e-01,-8.84936697182410e-01
6.03990344080401e+02	-5.72303364361129e-01,-8.96858437986073e-01
6.18059086502716e+02	-6.07761234025788e-01,-9.07031603950917e-01
6.32455532033673e+02	-6.42959276918129e-01,-9.15529929024021e-01
6.47187313859254e+02	-6.77821762203219e-01,-9.22428430685385e-01
6.62262242965179e+02	-7.12280748154925e-01,-9.27802824379177e-01
6.77688312278402e+02	-7.46275686191164e-01,-9.31729001943721e-01
6.93473700905060e+02	-7.79753015500461e-01,-9.34282570499501e-01
7.09626778467148e+02	-8.12665753343371e-01,-9.35538448076319e-01
7.26156109540200e+02	-8.44973085414936e-01,-9.35570512166618e-01
7.43070458194342e+02	-8.76639959999593e-01,-9.34451297352033e-01
7.60378792641119e+02	-9.07636689068677e-01,-9.32251738188449e-01
7.78090289988558e+02	-9.37938558924469e-01,-9.29040953596410e-01
7.96214341106991e+02	-9.67525452511328e-01,-9.24886069113955e-01
8.14760555608222e+02	-9.96381485082636e-01,-9.19852073508157e-01
8.33738766940667e+02	-1.02449465452470e+00,-9.14001706397879e-01
8.53159037603181e+02	-1.05185650729764e+00,-9.07395373713399e-01
8.73031664480328e+02	-1.07846182065836e+00,-9.00091088005598e-01
8.93367184301922e+02	-1.10430830157100e+00,-8.92144430806138e-01
9.14176379229746e+02	-1.12939630248962e+00,-8.83608534434142e-01
9.35470282574392e+02	-1.15372855400937e+00,-8.74534080837404e-01
9.57260184645272e+02	-1.17730991422328e+00,-8.64969315244679e-01
9.79557638736887e+02	-1.20014713449050e+00,-8.54960072590779e-01
1.00237446725454e+03	-1.22224864121396e+00,-8.44549814853052e-01
1.02572276798272e+03	-1.24362433314098e+00,-8.33779677609498e-01
1.04961492049954e+03	-1.26428539362762e+00,-8.22688524285957e-01
1.07406359274050e+03	-1.28424411726383e+00,-8.11313006717487e-01
1.09908174771524e+03	-1.30351375021391e+00,-7.99687630787230e-01
1.12468265038069e+03	-1.32210834360429e+00,-7.87844826040772e-01
1.15087987467431e+03	-1.34004261927563e+00,-7.75815018296708e-01
1.17768731071117e+03	-1.35733184721552e+00,-7.63626704390653e-01
1.20511917214871e+03	-1.37399173398251e+00,-7.51306528290096e-01
1.23319000372296e+03	-1.39003832144938e+00,-7.38879357918408e-01
1.26191468896038e+03	-1.40548789520113e+00,-7.26368362110398e-01
1.29130845806930e+03	-1.42035690194603e+00,-7.13795087203922e-01
1.32138689601518e+03	-1.43466187530958e+00,-7.01179532839390e-01
1.35216595078396e+03	-1.44841936942549e+00,-6.88540226614046e-01
1.38366194183787e+03	-1.46164589972925e+00,-6.75894297279566e-01
1.41589156876827e+03	-1.47435789042758e+00,-6.63257546243770e-01
1.44887192014997e+03	-1.48657162810638e+00,-6.50644517165223e-01
1.48262048260183e+03	-1.49830322099508e+00,-6.38068563483995e-01
1.51715515005836e+03	-1.50956856341508e+00,-6.25541913759871e-01
1.55249423325738e+03	-1.52038330498103e+00,-6.13075734727428e-01
1.58865646944855e+03	-1.53076282413791e+00,-6.00680191999996e-01
1.62566103232819e+03	-1.54072220565471e+00,-5.88364508383748e-01
1.66352754220533e+03	-1.55027622171417e+00,-5.76137019781458e-01
1.70227607640474e+03	-1.55943931625906e+00,-5.64005228682521e-01
1.74192717991215e+03	-1.56822559229954e+00,-5.51975855258906e-01
1.78250187626748e+03	-1.57664880186873e+00,-5.40054886085256e-01
1.82402167871181e+03	-1.58472233838815e+00,-5.28247620531691e-01
1.86650860159397e+03	-1.59245923117273e+00,-5.16558714868310e-01
1.90998517204286e+03	-1.59987214186368e+00,-5.04992224141799e-01
1.95447444191161e+03	-1.60697336257183e+00,-4.93551641882390e-01
1.99999999999999e+03	-1.61377481554489e+00,-4.82239937708740e-01
2.04658598456150e+03	-1.62028805417630e+00,-4.71059592898200e-01
2.09425709610179e+03	-1.62652426520336e+00,-4.60012633997174e-01
2.14303861047520e+03	-1.63249427193530e+00,-4.49100664541777e-01
2.19295639228636e+03	-1.63820853839294e+00,-4.38324894968140e-01
2.24403690860391e+03	-1.64367717421806e+00,-4.27686170781975e-01
2.29630724299375e+03	-1.64890994026250e+00,-4.17184999068222e-01
2.34979510987905e+03	-1.65391625474009e+00,-4.06821573410562e-01
2.40452886923481e+03	-1.65870519985424e+00,-3.96595797295392e-01
2.46053754162475e+03	-1.66328552882765e+00,-3.86507306074244e-01
2.51785082358832e+03	-1.66766567324650e+00,-3.76555487551646e-01
2.57649910338625e+03	-1.67185375066095e+00,-3.66739501269108e-01
2.63651347711280e+03	-1.67585757238405e+00,-3.57058296551954e-01
2.69792576518329e+03	-1.67968465142301e+00,-3.47510629380731e-01
2.76076852920575e+03	-1.68334221051126e+00,-3.38095078152844e-01
2.82507508924549e+03	-1.68683719018772e+00,-3.28810058391820e-01
2.89087954149184e+03	-1.69017625688959e+00,-3.19653836462653e-01
2.95821677633640e+03	-1.69336581102287e+00,-3.10624542347888e-01
3.02712249687240e+03	-1.69641199498637e+00,-3.01720181538232e-01
3.09763323782494e+03	-1.69932070111516e+00,-2.92938646086695e-01
3.16978638492221e+03	-1.70209757953324e+00,-2.84277724876587e-01
3.24362019471784e+03	-1.70474804588009e+00,-2.75735113146537e-01
3.31917381487510e+03	-1.70727728891093e+00,-2.67308421319139e-01
3.39648730492347e+03	-1.70969027794187e+00,-2.58995183172315e-01
3.47560165749873e+03	-1.71199177013996e+00,-2.50792863394857e-01
3.55655882007782e+03	-1.71418631763628e+00,-2.42698864561801e-01
3.63940171721994e+03	-1.71627827446439e+00,-2.34710533566685e-01
3.72417427332571e+03	-1.71827180331092e+00,-2.26825167543400e-01
3.81092143592647e+03	-1.72017088207359e+00,-2.19040019309471e-01
3.89968919951606e+03	-1.72197931022375e+00,-2.11352302361072e-01
3.99052462993773e+03	-1.72370071496903e+00,-2.03759195447940e-01
4.08347588933903e+03	-1.72533855721898e+00,-1.96257846755563e-01
4.17859226170805e+03	-1.72689613733756e+00,-1.88845377718263e-01
4.27592417900444e+03	-1.72837660070760e+00,-1.81518886489830e-01
4.37552324789908e+03	-1.72978294307790e+00,-1.74275451090971e-01
4.47744227713665e+03	-1.73111801571524e+00,-1.67112132257093e-01
4.58173530553552e+03	-1.73238453035556e+00,-1.60025976005498e-01
4.68845763063981e+03	-1.73358506395246e+00,-1.53014015940507e-01
4.79766583803895e+03	-1.73472206322765e+00,-1.46073275314431e-01
4.90941783137003e+03	-1.73579784903009e+00,-1.39200768861325e-01
5.02377286301912e+03	-1.73681462049767e+00,-1.32393504418422e-01
5.14079156553769e+03	-1.73777445902675e+00,-1.25648484350286e-01
5.26053598379073e+03	-1.73867933206233e+00,-1.18962706790080e-01
5.38306960785379e+03	-1.73953109669136e+00,-1.12333166709594e-01
5.50845740667629e+03	-1.74033150306353e+00,-1.05756856831730e-01
5.63676586252887e+03	-1.74108219762832e+00,-9.92307683959639e-02
5.76806300625317e+03	-1.74178472619842e+00,-9.27518917880811e-02
5.90241845333273e+03	-1.74244053683314e+00,-8.63172170439517e-02
6.03990344080399e+03	-1.74305098256251e+00,-7.99237342377654e-02
6.18059086502713e+03	-1.74361732393387e+00,-7.35684337628342e-02
6.32455532033671e+03	-1.74414073139814e+00,-6.72483065142134e-02
6.47187313859252e+03	-1.74462228753323e+00,-6.09603439809838e-02
6.62262242965177e+03	-1.74506298910978e+00,-5.47015382559072e-02
6.77688312278400e+03	-1.74546374899451e+00,-4.84688819696240e-02
6.93473700905058e+03	-1.74582539790293e+00,-4.22593681564650e-02
7.09626778467146e+03	-1.74614868600096e+00,-3.60699900583899e-02
7.26156109540197e+03	-1.74643428435062e+00,-2.98977408732070e-02
7.43070458194339e+03	-1.74668278620947e+00,-2.37396134532507e-02
7.60378792641117e+03	-1.74689470818595e+00,-1.75925999601697e-02
7.78090289988555e+03	-1.74707049124546e+00,-1.14536914813665e-02
7.96214341106988e+03	-1.74721050157162e+00,-5.31987761352233e-03
8.14760555608219e+03	-1.74731503128933e+00,8.11853981697619e-04
8.33738766940664e+03	-1.74738429904232e+00,6.94451804463561e-03
8.53159037603179e+03	-1.74741845042876e+00,1.30811322023271e-02
8.73031664480325e+03	-1.74741755830266e+00,1.92247174662415e-02
8.93367184301919e+03	-1.74738162292785e+00,2.53782987379124e-02
9.14176379229743e+03	-1.74731057199945e+00,3.15449053180668e-02
9.35470282574389e+03	-1.74720426051970e+00,3.77275714141389e-02
9.57260184645269e+03	-1.74706247054179e+00,4.39293366417657e-02
9.79557638736884e+03	-1.74688491076900e+00,5.01532465151667e-02
1.00237446725454e+04	-1.74667121601463e+00,5.64023529215450e-02
1.02572276798272e+04	-1.74642094652561e+00,6.26797145749039e-02
1.04961492049954e+04	-1.74613358716110e+00,6.89883974437600e-02
1.07406359274050e+04	-1.74580854643200e+00,7.53314751478971e-02
1.09908174771524e+04	-1.74544515539828e+00,8.17120293187416e-02
1.12468265038069e+04	-1.74504266641979e+00,8.81331499175911e-02
1.15087987467430e+04	-1.74460025176378e+00,9.45979355062650e-02
1.17768731071117e+04	-1.74411700206925e+00,1.01109493464293e-01
1.20511917214871e+04	-1.74359192465743e+00,1.07670940145742e-01
1.23319000372295e+04	-1.74302394169974e+00,1.14285400970156e-01
1.26191468896038e+04	-1.74241188822711e+00,1.20956010439576e-01
1.29130845806930e+04	-1.74175450999442e+00,1.27685912075771e-01
1.32138689601518e+04	-1.74105046118487e+00,1.34478258268892e-01
1.35216595078395e+04	-1.74029830196154e+00,1.41336210030506e-01
1.38366194183786e+04	-1.73949649585411e+00,1.48262936641499e-01
1.41589156876826e+04	-1.73864340699617e+00,1.55261615187685e-01
1.44887192014997e+04	-1.73773729718828e+00,1.62335429971459e-01
1.48262048260182e+04	-1.73677632280568e+00,1.69487571791622e-01
1.51715515005835e+04	-1.73575853153637e+00,1.76721237079529e-01
1.55249423325737e+04	-1.73468185895193e+00,1.84039626880886e-01
1.58865646944855e+04	-1.73354412491036e+00,1.91445945671466e-01
1.62566103232818e+04	-1.73234302978316e+00,1.98943399993357e-01
1.66352754220533e+04	-1.73107615052437e+00,2.06535196901169e-01
1.70227607640474e+04	-1.72974093654403e+00,2.14224542199015e-01
1.74192717991215e+04	-1.72833470543483e+00,2.22014638460439e-01
1.78250187626748e+04	-1.72685463850319e+00,2.29908682808623e-01
1.82402167871180e+04	-1.72529777614133e+00,2.37909864445598e-01
1.86650860159397e+04	-1.72366101301749e+00,2.46021361909353e-01
1.90998517204286e+04	-1.72194109310243e+00,2.54246340042929e-01
1.95447444191160e+04	-1.72013460452135e+00,2.62587946653992e-01
2.00000000000000e+04	-1.71823797424090e+00,2.71049308845257e-01
