2.00000000000000e+01	1.88211423422268e-02,4.57595058078039e-02
2.04658598456151e+01	2.07663938703809e-02,4.59130778988025e-02
2.09425709610180e+01	2.27474135596222e-02,4.59515048383478e-02
2.14303861047521e+01	2.47563005377006e-02,4.58689919718989e-02
2.19295639228637e+01	2.67844169110179e-02,4.56602068630547e-02
2.24403690860393e+01	2.88224024841827e-02,4.53203604073444e-02
2.29630724299377e+01	3.08601975157645e-02,4.48452894921368e-02
2.34979510987906e+01	3.28870739389378e-02,4.42315404838250e-02
2.40452886923483e+01	3.48916754186135e-02,4.34764527583009e-02
2.46053754162476e+01	3.68620665515975e-02,4.25782414295527e-02
2.51785082358833e+01	3.87857914435607e-02,4.15360783748808e-02
2.57649910338627e+01	4.06499418165507e-02,4.03501706045514e-02
2.63651347711281e+01	4.24412347138333e-02,3.90218349794470e-02
2.69792576518331e+01	4.41460997755991e-02,3.75535682431887e-02
2.76076852920577e+01	4.57507759600417e-02,3.59491113058700e-02
2.82507508924551e+01	4.72414174801633e-02,3.42135066956327e-02
2.89087954149185e+01	4.86042086180461e-02,3.23531480822310e-02
2.95821677633641e+01	4.98254869658961e-02,3.03758207739933e-02
3.02712249687242e+01	5.08918745275881e-02,2.82907320964983e-02
3.09763323782496e+01	5.17904159963588e-02,2.61085305782227e-02
3.16978638492223e+01	5.25087234043151e-02,2.38413128956101e-02
3.24362019471786e+01	5.30351262181127e-02,2.15026175677742e-02
3.31917381487512e+01	5.33588258330528e-02,1.91074044396584e-02
3.39648730492349e+01	5.34700532954227e-02,1.66720190522292e-02
3.47560165749875e+01	5.33602289606600e-02,1.42141410696137e-02
3.55655882007784e+01	5.30221226732864e-02,1.17527160164560e-02
3.63940171721997e+01	5.24500129340783e-02,9.30786967478836e-03
3.72417427332573e+01	5.16398434011507e-02,6.90080459913419e-03
3.81092143592649e+01	5.05893749552624e-02,4.55367833229126e-03
3.89968919951609e+01	4.92983314465466e-02,2.28946304330816e-03
3.99052462993776e+01	4.77685371311875e-02,1.31786464800217e-04
4.08347588933906e+01	4.60040437037304e-02,-1.89524581976651e-03
4.17859226170808e+01	4.40112447355637e-02,-3.76724649550240e-03
4.27592417900446e+01	4.17989752449288e-02,-5.45976058557479e-03
4.37552324789910e+01	3.93785940514408e-02,-6.94849677889052e-03
4.47744227713668e+01	3.67640465118752e-02,-8.20957506590000e-03
4.58173530553554e+01	3.39719051979447e-02,-9.21978945045215e-03
4.68845763063984e+01	3.10213860655391e-02,-9.95688419954095e-03
4.79766583803898e+01	2.79343376836904e-02,-1.03998417629333e-02
4.90941783137006e+01	2.47352011461262e-02,-1.05291801422135e-02
5.02377286301916e+01	2.14509383850238e-02,-1.03272571158478e-02
5.14079156553772e+01	1.81109267520310e-02,-9.77857833686975e-03
5.26053598379076e+01	1.47468179326689e-02,-8.87010591739070e-03
5.38306960785383e+01	1.13923595235503e-02,-7.59156370571896e-03
5.50845740667633e+01	8.08317793391007e-03,-5.93573505534250e-03
5.63676586252890e+01	4.85652167942473e-03,-3.89874849024946e-03
5.76806300625321e+01	1.75096462190928e-03,-1.48034629959179e-03
5.90241845333277e+01	-1.19393072361165e-03,1.31586923998508e-03
6.03990344080403e+01	-3.93798904156237e-03,4.48221759879191e-03
6.18059086502718e+01	-6.44083572156323e-03,8.00675548399297e-03
6.32455532033675e+01	-8.66234569875212e-03,1.18731320114977e-02
6.47187313859256e+01	-1.05631244275687e-02,1.60604895093777e-02
6.62262242965182e+01	-1.21050168459560e-02,2.05434158017707e-02
6.77688312278404e+01	-1.32516392009821e-02,2.52919535799396e-02
6.93473700905062e+01	-1.39689275967179e-02,3.02716720663859e-02
7.09626778467150e+01	-1.42256961149020e-02,3.54438056041744e-02
7.26156109540202e+01	-1.39941963769009e-02,4.07654630457574e-02
7.43070458194344e+01	-1.32506694940764e-02,4.61899108668075e-02
7.60378792641121e+01	-1.19758805285342e-02,5.16669317895221e-02
7.78090289988560e+01	-1.01556248955721e-02,5.71432593717094e-02
7.96214341106993e+01	-7.78119562244964e-03,6.25630875152235e-02
8.14760555608224e+01	-4.84980007490634e-03,6.78686521906141e-02
8.33738766940670e+01	-1.36491471094800e-03,7.30008808934709e-02
8.53159037603184e+01	2.66343334486627e-03,7.79001034798370e-02
8.73031664480331e+01	7.21846856533314e-03,8.25068161197560e-02
8.93367184301925e+01	1.22765628976916e-02,8.67624882138300e-02
9.14176379229749e+01	1.78072337978956e-02,9.06104002985022e-02
9.35470282574395e+01	2.37732513875317e-02,9.39964992875831e-02
9.57260184645275e+01	3.01308597853963e-02,9.68702559288847e-02
9.79557638736891e+01	3.68301154441046e-02,9.91855081645518e-02
1.00237446725454e+02	4.38153428336277e-02,1.00901273237642e-01
1.02572276798273e+02	5.10257051142004e-02,1.01982510945595e-01
1.04961492049954e+02	5.83958846002055e-02,1.02400820453803e-01
1.07406359274050e+02	6.58568649160838e-02,1.02135053587363e-01
1.09908174771525e+02	7.33368038763333e-02,1.01171828538354e-01
1.12468265038070e+02	8.07619833820940e-02,9.95059294637380e-02
1.15087987467431e+02	8.80578201170526e-02,9.71405794894023e-02
1.17768731071118e+02	9.51499186443771e-02,9.40875771423047e-02
1.20511917214871e+02	1.01965146746588e-01,9.03672891478429e-02
1.23319000372296e+02	1.08432711593517e-01,8.60084957764059e-02
1.26191468896038e+02	1.14485214636195e-01,8.10480884072993e-02
1.29130845806931e+02	1.20059663053946e-01,7.55306225914257e-02
1.32138689601519e+02	1.25098416153116e-01,6.95077335179627e-02
1.35216595078396e+02	1.29550046329225e-01,6.30374243016089e-02
1.38366194183787e+02	1.33370096034938e-01,5.61832407830709e-02
1.41589156876827e+02	1.36521714594124e-01,4.90133494597522e-02
1.44887192014998e+02	1.38976161593796e-01,4.15995376310586e-02
1.48262048260183e+02	1.40713166876835e-01,3.40161567650154e-02
1.51715515005836e+02	1.41721140738363e-01,2.63390314023586e-02
1.55249423325738e+02	1.41997231675049e-01,1.86443565674390e-02
1.58865646944856e+02	1.41547232821054e-01,1.10076066346443e-02
1.62566103232819e+02	1.40385341897890e-01,3.50247791372528e-03
1.66352754220534e+02	1.38533782985005e-01,-3.80011409749526e-03
1.70227607640475e+02	1.36022301570990e-01,-1.08329637301514e-02
1.74192717991216e+02	1.32887547075443e-01,-1.75334137449265e-02
1.78250187626749e+02	1.29172359261542e-01,-2.38440896018415e-02
1.82402167871181e+02	1.24924976634455e-01,-2.97135185441144e-02
1.86650860159398e+02	1.20198186009728e-01,-3.50966258737116e-02
1.90998517204287e+02	1.15048432931362e-01,-3.99551040873739e-02
1.95447444191162e+02	1.09534912537247e-01,-4.42576537805095e-02
1.99999999999999e+02	1.03718659846354e-01,-4.79800983099606e-02
2.04658598456150e+02	9.76616573321638e-02,-5.11053770453028e-02
2.09425709610179e+02	9.14259761189393e-02,-5.36234245574417e-02
2.14303861047521e+02	8.50729652707734e-02,-5.55309452356409e-02
2.19295639228636e+02	7.86625015230690e-02,-5.68310945509316e-02
2.24403690860392e+02	7.22523095194653e-02,-5.75330794746858e-02
2.29630724299376e+02	6.58973602497658e-02,-5.76516914131266e-02
2.34979510987905e+02	5.96493530164991e-02,-5.72067854448021e-02
2.40452886923482e+02	5.35562839619054e-02,-5.62227196754649e-02
2.46053754162476e+02	4.76621020259662e-02,-5.47277681915838e-02
2.51785082358833e+02	4.20064512308307e-02,-5.27535204464941e-02
2.57649910338626e+02	3.66244964367943e-02,-5.03342790043375e-02
2.63651347711281e+02	3.15468282168803e-02,-4.75064664516918e-02
2.69792576518330e+02	2.67994412663581e-02,-4.43080510208418e-02
2.76076852920576e+02	2.24037798047288e-02,-4.07779991059736e-02
2.82507508924550e+02	1.83768427357719e-02,-3.69557614445069e-02
2.89087954149185e+02	1.47313408930706e-02,-3.28807983257465e-02
2.95821677633641e+02	1.14758984944572e-02,-2.85921478174404e-02
3.02712249687241e+02	8.61529093464634e-03,-2.41280397005306e-02
3.09763323782495e+02	6.15071123329977e-03,-1.95255565994401e-02
3.16978638492222e+02	4.08005779653504e-03,-1.48203427089847e-02
3.24362019471785e+02	2.39823661351099e-03,-1.00463595623944e-02
3.31917381487511e+02	1.09747156707907e-03,-5.23568746506161e-03
3.39648730492348e+02	1.67617160836873e-04,-4.18370537473082e-04
3.47560165749874e+02	-4.03531371077519e-04,4.37769723417446e-03
3.55655882007783e+02	-6.29934923162049e-04,9.12684795597332e-03
3.63940171721995e+02	-5.27018018134810e-04,1.38056811027579e-02
3.72417427332572e+02	-1.11389956212399e-04,1.83930736060385e-02
3.81092143592648e+02	5.99418007315180e-04,2.28701623315669e-02
3.89968919951608e+02	1.58719766660933e-03,2.72203025247150e-02
3.99052462993774e+02	2.83328980214464e-03,3.14290057299782e-02
4.08347588933904e+02	4.31879028599480e-03,3.54838605600562e-02
4.17859226170806e+02	6.02473602084739e-03,3.93744395124434e-02
4.27592417900445e+02	7.93227074997932e-03,4.30921948187229e-02
4.37552324789909e+02	1.00227910909680e-02,4.66303460742187e-02
4.47744227713666e+02	1.22780734072661e-02,4.99837621425337e-02
4.58173530553553e+02	1.46803823421217e-02,5.31488395688428e-02
4.68845763063983e+02	1.72125620025547e-02,5.61233794743900e-02
4.79766583803896e+02	1.98581109015567e-02,5.89064646481143e-02
4.90941783137004e+02	2.26012418489921e-02,6.14983383041766e-02
5.02377286301914e+02	2.54269280305064e-02,6.39002857398906e-02
5.14079156553771e+02	2.83209365337603e-02,6.61145199096990e-02
5.26053598379074e+02	3.12698505769484e-02,6.81440717291597e-02
5.38306960785381e+02	3.42610816700445e-02,6.99926857394117e-02
5.50845740667631e+02	3.72828728984460e-02,7.16647215977439e-02
5.63676586252888e+02	4.03242944651998e-02,7.31650617136400e-02
5.76806300625319e+02	4.33752325649693e-02,7.44990252215487e-02
5.90241845333275e+02	4.64263725931243e-02,7.56722883709148e-02
6.03990344080401e+02	4.94691776192517e-02,7.66908113196891e-02
6.18059086502716e+02	5.24958629780264e-02,7.75607712385005e-02
6.32455532033673e+02	5.54993677535286e-02,7.82885015676470e-02
6.47187313859254e+02	5.84733238571108e-02,7.88804372167946e-02
6.62262242965179e+02	6.14120233250046e-02,7.93430654563934e-02
6.77688312278402e+02	6.43103843908518e-02,7.96828822191037e-02
6.93473700905060e+02	6.71639168209557e-02,7.99063535076695e-02
7.09626778467148e+02	6.99686869367212e-02,8.00198815915460e-02
7.26156109540200e+02	7.27212826898184e-02,8.00297756670282e-02
7.43070458194342e+02	7.54187791012284e-02,7.99422266536639e-02
7.60378792641119e+02	7.80587043255678e-02,7.97632858023844e-02
7.78090289988558e+02	8.06390065569039e-02,7.94988467972469e-02
7.96214341106991e+02	8.31580219515692e-02,7.91546310421735e-02
8.14760555608222e+02	8.56144437070726e-02,7.87361758359248e-02
8.33738766940667e+02	8.80072924038938e-02,7.82488251522120e-02
8.53159037603181e+02	9.03358876884897e-02,7.76977227567696e-02
8.73031664480328e+02	9.25998213509829e-02,7.70878074089966e-02
8.93367184301922e+02	9.47989318294541e-02,7.64238099120327e-02
9.14176379229746e+02	9.69332801542882e-02,7.57102517915636e-02
9.35470282574392e+02	9.90031273302995e-02,7.49514454000173e-02
9.57260184645272e+02	1.01008913141176e-01,7.41514952588576e-02
9.79557638736887e+02	1.02951236349846e-01,7.33143004673176e-02
1.00237446725454e+03	1.04830836259432e-01,7.24435580209500e-02
1.02572276798272e+03	1.06648575592351e-01,7.15427668977388e-02
1.04961492049954e+03	1.08405424639516e-01,7.06152327831558e-02
1.07406359274050e+03	1.10102446627442e-01,6.96640733183889e-02
1.09908174771524e+03	1.11740784248041e-01,6.86922237680148e-02
1.12468265038069e+03	1.13321647293944e-01,6.77024430146106e-02
1.15087987467431e+03	1.14846301341083e-01,6.66973197982038e-02
1.17768731071117e+03	1.16316057419942e-01,6.56792791280843e-02
1.20511917214871e+03	1.17732262617159e-01,6.46505888033140e-02
1.23319000372296e+03	1.19096291549971e-01,6.36133659863787e-02
1.26191468896038e+03	1.20409538657196e-01,6.25695837817755e-02
1.29130845806930e+03	1.21673411252037e-01,6.15210777780442e-02
1.32138689601518e+03	1.22889323283782e-01,6.04695525177807e-02
1.35216595078396e+03	1.24058689757540e-01,5.94165878656495e-02
1.38366194183787e+03	1.25182921763284e-01,5.83636452492909e-02
1.41589156876827e+03	1.26263422067795e-01,5.73120737524087e-02
1.44887192014997e+03	1.27301581225405e-01,5.62631160432183e-02
1.48262048260183e+03	1.28298774165797e-01,5.52179141248986e-02
1.51715515005836e+03	1.29256357219515e-01,5.41775148977372e-02
1.55249423325738e+03	1.30175665544141e-01,5.31428755253616e-02
1.58865646944855e+03	1.31058010916399e-01,5.21148685997795e-02
1.62566103232819e+03	1.31904679857707e-01,5.10942871020111e-02
1.66352754220533e+03	1.32716932062822e-01,5.00818491568659e-02
1.70227607640474e+03	1.33495999103349e-01,4.90782025819230e-02
1.74192717991215e+03	1.34243083379865e-01,4.80839292321063e-02
1.78250187626748e+03	1.34959357298322e-01,4.70995491423023e-02
1.82402167871181e+03	1.35645962648224e-01,4.61255244714292e-02
1.86650860159397e+03	1.36304010161773e-01,4.51622632521089e-02
1.90998517204286e+03	1.36934579234826e-01,4.42101229507216e-02
1.95447444191161e+03	1.37538717792033e-01,4.32694138431209e-02
1.99999999999999e+03	1.38117442279950e-01,4.23404022116850e-02
2.04658598456150e+03	1.38671737773304e-01,4.14233133696661e-02
2.09425709610179e+03	1.39202558180819e-01,4.05183345190148e-02
2.14303861047520e+03	1.39710826538190e-01,3.96256174480005e-02
2.19295639228636e+03	1.40197435376922e-01,3.87452810750264e-02
2.24403690860391e+03	1.40663247158723e-01,3.78774138450507e-02
2.29630724299375e+03	1.41109094766113e-01,3.70220759850227e-02
2.34979510987905e+03	1.41535782040786e-01,3.61793016246644e-02
2.40452886923481e+03	1.41944084362054e-01,3.53491007888522e-02
2.46053754162475e+03	1.42334749258460e-01,3.45314612677175e-02
2.51785082358832e+03	1.42708497046323e-01,3.37263503704648e-02
2.57649910338625e+03	1.43066021489640e-01,3.29337165687205e-02
2.63651347711280e+03	1.43407990476286e-01,3.21534910350818e-02
2.69792576518329e+03	1.43735046706076e-01,3.13855890823324e-02
2.76076852920575e+03	1.44047808386638e-01,3.06299115086040e-02
2.82507508924549e+03	1.44346869933591e-01,2.98863458535709e-02
2.89087954149184e+03	1.44632802671843e-01,2.91547675705692e-02
2.95821677633640e+03	1.44906155535251e-01,2.84350411193174e-02
3.02712249687240e+03	1.45167455762205e-01,2.77270209837219e-02
3.09763323782494e+03	1.45417209584982e-01,2.70305526190660e-02
3.16978638492221e+03	1.45655902911043e-01,2.63454733326579e-02
3.24362019471784e+03	1.45884001994641e-01,2.56716131018309e-02
3.31917381487510e+03	1.46101954097382e-01,2.50087953330235e-02
3.39648730492347e+03	1.46310188136558e-01,2.43568375654308e-02
3.47560165749873e+03	1.46509115320272e-01,2.37155521226047e-02
3.55655882007782e+03	1.46699129768523e-01,2.30847467151471e-02
3.63940171721994e+03	1.46880609119597e-01,2.24642249975134e-02
3.72417427332571e+03	1.47053915121210e-01,2.18537870817698e-02
3.81092143592647e+03	1.47219394205991e-01,2.12532300109836e-02
3.89968919951606e+03	1.47377378050999e-01,2.06623481947997e-02
3.99052462993773e+03	1.47528184121037e-01,2.00809338095828e-02
4.08347588933903e+03	1.47672116195658e-01,1.95087771654134e-02
4.17859226170805e+03	1.47809464879760e-01,1.89456670420453e-02
4.27592417900444e+03	1.47940508097819e-01,1.83913909958352e-02
4.37552324789908e+03	1.48065511571778e-01,1.78457356395579e-02
4.47744227713665e+03	1.48184729282731e-01,1.73084868968663e-02
4.58173530553552e+03	1.48298403916531e-01,1.67794302330726e-02
4.68845763063981e+03	1.48406767293521e-01,1.62583508638184e-02
4.79766583803895e+03	1.48510040782605e-01,1.57450339431354e-02
4.90941783137003e+03	1.48608435699892e-01,1.52392647322497e-02
5.02377286301912e+03	1.48702153692188e-01,1.47408287504513e-02
5.14079156553769e+03	1.48791387105618e-01,1.42495119092500e-02
5.26053598379073e+03	1.48876319339668e-01,1.37651006309596e-02
5.38306960785379e+03	1.48957125186959e-01,1.32873819527658e-02
5.50845740667629e+03	1.49033971159065e-01,1.28161436173213e-02
5.63676586252887e+03	1.49107015798698e-01,1.23511741507707e-02
5.76806300625317e+03	1.49176409978586e-01,1.18922629291105e-02
5.90241845333273e+03	1.49242297187350e-01,1.14392002337032e-02
6.03990344080399e+03	1.49304813802741e-01,1.09917772967117e-02
6.18059086502713e+03	1.49364089352513e-01,1.05497863371784e-02
6.32455532033671e+03	1.49420246763289e-01,1.01130205884406e-02
6.47187313859252e+03	1.49473402597702e-01,9.68127431749076e-03
6.62262242965177e+03	1.49523667280147e-01,9.25434283687065e-03
6.77688312278400e+03	1.49571145311416e-01,8.83202250969910e-03
6.93473700905058e+03	1.49615935472527e-01,8.41411074827334e-03
7.09626778467146e+03	1.49658131018021e-01,8.00040600679711e-03
7.26156109540197e+03	1.49697819859009e-01,7.59070776863851e-03
7.43070458194339e+03	1.49735084736227e-01,7.18481652858410e-03
7.60378792641117e+03	1.49770003383361e-01,6.78253377043257e-03
7.78090289988555e+03	1.49802648680873e-01,6.38366194034606e-03
7.96214341106988e+03	1.49833088800586e-01,5.98800441627966e-03
8.14760555608219e+03	1.49861387341219e-01,5.59536547382454e-03
8.33738766940664e+03	1.49887603455122e-01,5.20555024874696e-03
8.53159037603179e+03	1.49911791966364e-01,4.81836469656992e-03
8.73031664480325e+03	1.49934003480417e-01,4.43361554937008e-03
8.93367184301919e+03	1.49954284485559e-01,4.05111027015583e-03
9.14176379229743e+03	1.49972677446206e-01,3.67065700496305e-03
9.35470282574389e+03	1.49989220888303e-01,3.29206453296461e-03
9.57260184645269e+03	1.50003949476911e-01,2.91514221479694e-03
9.79557638736884e+03	1.50016894086144e-01,2.53969993925259e-03
1.00237446725454e+04	1.50028081861551e-01,2.16554806863021e-03
1.02572276798272e+04	1.50037536275063e-01,1.79249738284382e-03
1.04961492049954e+04	1.50045277172584e-01,1.42035902249719e-03
1.07406359274050e+04	1.50051320814335e-01,1.04894443112720e-03
1.09908174771524e+04	1.50055679907993e-01,6.78065296735917e-04
1.12468265038069e+04	1.50058363634701e-01,3.07533492810430e-04
1.15087987467430e+04	1.50059377667991e-01,-6.28389810412469e-05
1.17768731071117e+04	1.50058724185658e-01,-4.33240058645163e-04
1.20511917214871e+04	1.50056401874604e-01,-8.03857666865874e-04
1.23319000372295e+04	1.50052405928672e-01,-1.17487978513215e-03
1.26191468896038e+04	1.50046728039459e-01,-1.54649450466315e-03
1.29130845806930e+04	1.50039356380111e-01,-1.91889008732130e-03
1.32138689601518e+04	1.50030275582063e-01,-2.29225502384782e-03
1.35216595078395e+04	1.50019466704710e-01,-2.66677809135941e-03
1.38366194183786e+04	1.50006907197930e-01,-3.04264840999085e-03
1.41589156876826e+04	1.49992570857445e-01,-3.42005549836437e-03
1.44887192014997e+04	1.49976427772917e-01,-3.79918932786627e-03
1.48262048260182e+04	1.49958444268721e-01,-4.18024037545772e-03
1.51715515005835e+04	1.49938582837283e-01,-4.56339967482886e-03
1.55249423325737e+04	1.49916802064918e-01,-4.94885886571326e-03
1.58865646944855e+04	1.49893056550008e-01,-5.33681024116670e-03
1.62566103232818e+04	1.49867296813445e-01,-5.72744679251496e-03
1.66352754220533e+04	1.49839469201164e-01,-6.12096225179566e-03
1.70227607640474e+04	1.49809515778653e-01,-6.51755113143450e-03
1.74192717991215e+04	1.49777374217268e-01,-6.91740876085109e-03
1.78250187626748e+04	1.49742977672194e-01,-7.32073131973572e-03
1.82402167871180e+04	1.49706254651879e-01,-7.72771586771019e-03
1.86650860159397e+04	1.49667128878761e-01,-8.13856036998095e-03
1.90998517204286e+04	1.49625519141082e-01,-8.55346371873103e-03
1.95447444191160e+04	1.49581339135607e-01,-8.97262574981637e-03
2.00000000000000e+04	1.49534497301024e-01,-9.39624725441364e-03
