2.00000000000000e+01	-1.36964265179570e-01,-4.94159477139930e-01
2.04658598456151e+01	-1.57266109955750e-01,-4.99508894816153e-01
2.09425709610180e+01	-1.78223499943270e-01,-5.03719755606347e-01
2.14303861047521e+01	-1.99765540044967e-01,-5.06707080346722e-01
2.19295639228637e+01	-2.21811433398980e-01,-5.08388904540814e-01
2.24403690860393e+01	-2.44270375214432e-01,-5.08687318739757e-01
2.29630724299377e+01	-2.67041546334734e-01,-5.07529560741572e-01
2.34979510987906e+01	-2.90014215824210e-01,-5.04849150972516e-01
2.40452886923483e+01	-3.13067961222606e-01,-5.00587061084343e-01
2.46053754162476e+01	-3.36073014277114e-01,-4.94692904496981e-01
2.51785082358833e+01	-3.58890738961183e-01,-4.87126136393513e-01
2.57649910338627e+01	-3.81374247414310e-01,-4.77857249524803e-01
2.63651347711281e+01	-4.03369158105632e-01,-4.66868951147666e-01
2.69792576518331e+01	-4.24714499050936e-01,-4.54157305520406e-01
2.76076852920577e+01	-4.45243757302136e-01,-4.39732825619569e-01
2.82507508924551e+01	-4.64786074200061e-01,-4.23621497143998e-01
2.89087954149185e+01	-4.83167584069219e-01,-4.05865717465059e-01
2.95821677633641e+01	-5.00212892126761e-01,-3.86525131942894e-01
3.02712249687242e+01	-5.15746685429006e-01,-3.65677350000803e-01
3.09763323782496e+01	-5.29595468681746e-01,-3.43418523510857e-01
3.16978638492223e+01	-5.41589414734219e-01,-3.19863770415454e-01
3.24362019471786e+01	-5.51564317566004e-01,-2.95147427079109e-01
3.31917381487512e+01	-5.59363633586107e-01,-2.69423113638495e-01
3.39648730492349e+01	-5.64840595103678e-01,-2.42863597589539e-01
3.47560165749875e+01	-5.67860377929400e-01,-2.15660442023420e-01
3.55655882007784e+01	-5.68302303203582e-01,-1.88023426278086e-01
3.63940171721997e+01	-5.66062051785397e-01,-1.60179728332896e-01
3.72417427332573e+01	-5.61053867827653e-01,-1.32372860010880e-01
3.81092143592649e+01	-5.53212726567469e-01,-1.04861347991958e-01
3.89968919951609e+01	-5.42496439848955e-01,-7.79171557653073e-02
3.99052462993776e+01	-5.28887671516144e-01,-5.18238439798608e-02
4.08347588933906e+01	-5.12395833540029e-01,-2.68744691828386e-02
4.17859226170808e+01	-4.93058832629879e-01,-3.36922368737133e-03
4.27592417900446e+01	-4.70944636132064e-01,1.83871777139945e-02
4.37552324789910e+01	-4.46152625254406e-01,3.80883552616117e-02
4.47744227713668e+01	-4.18814703134836e-01,5.54293535787015e-02
4.58173530553554e+01	-3.89096125010679e-01,7.01099467582845e-02
4.68845763063984e+01	-3.57196017810139e-01,8.18381391163526e-02
4.79766583803898e+01	-3.23347556926261e-01,9.03338373175968e-02
4.90941783137006e+01	-2.87817768814199e-01,9.53326651158455e-02
5.02377286301916e+01	-2.50906929442331e-01,9.65898872689937e-02
5.14079156553772e+01	-2.12947530609998e-01,9.38844043263642e-02
5.26053598379076e+01	-1.74302788790477e-01,8.70227749970051e-02
5.38306960785383e+01	-1.35364674551424e-01,7.58432177630401e-02
5.50845740667633e+01	-9.65514448213870e-02,6.02195383942579e-02
5.63676586252890e+01	-5.83046653837779e-02,4.00649251656348e-02
5.76806300625321e+01	-2.10857170372738e-02,1.53355490096567e-02
5.90241845333277e+01	1.46282140829627e-02,-1.39660982840762e-02
6.03990344080403e+01	4.83486534676070e-02,-4.77881982024714e-02
6.18059086502718e+01	7.95808448630619e-02,-8.60270050218934e-02
6.32455532033675e+01	1.07829218938670e-01,-1.28524725368690e-01
6.47187313859256e+01	1.32603285481722e-01,-1.75067952851186e-01
6.62262242965182e+01	1.53423898996543e-01,-2.25386731647008e-01
6.77688312278404e+01	1.69829835418005e-01,-2.79154320070931e-01
6.93473700905062e+01	1.81384605169330e-01,-3.35987720367464e-01
7.09626778467150e+01	1.87683415282258e-01,-3.95449034079182e-01
7.26156109540202e+01	1.88360181107770e-01,-4.57047693211556e-01
7.43070458194344e+01	1.83094476654012e-01,-5.20243605936266e-01
7.60378792641121e+01	1.71618302242614e-01,-5.84451241746942e-01
7.78090289988560e+01	1.53722539429274e-01,-6.49044664841151e-01
7.96214341106993e+01	1.29262956477167e-01,-7.13363506200175e-01
8.14760555608224e+01	9.81656235891940e-02,-7.76719844626493e-01
8.33738766940670e+01	6.04315960553256e-02,-8.38405945197930e-01
8.53159037603184e+01	1.61407258910229e-02,-8.97702780701478e-01
8.73031664480331e+01	-3.45455312188380e-02,-9.53889238142698e-01
8.93367184301925e+01	-9.13824365229476e-02,-1.00625188906392e+00
9.14176379229749e+01	-1.54041524625085e-01,-1.05409517988364e+00
9.35470282574395e+01	-2.22111485150408e-01,-1.09675187758322e+00
9.57260184645275e+01	-2.95100436112780e-01,-1.13359358766781e+00
9.79557638736891e+01	-3.72439628652991e-01,-1.16404114623547e+00
1.00237446725454e+02	-4.53488592707252e-01,-1.18757467704180e+00
1.02572276798273e+02	-5.37541700395710e-01,-1.20374309836063e+00
1.04961492049954e+02	-6.23836089325678e-01,-1.21217286385121e+00
1.07406359274050e+02	-7.11560852572213e-01,-1.21257572703161e+00
1.09908174771525e+02	-7.99867366933588e-01,-1.20475533060796e+00
1.12468265038070e+02	-8.87880597341620e-01,-1.18861243988062e+00
1.15087987467431e+02	-9.74711184275913e-01,-1.16414866359894e+00
1.17768731071118e+02	-1.05946809387801e+00,-1.13146853550797e+00
1.20511917214871e+02	-1.14127158832670e+00,-1.09077986476201e+00
1.23319000372296e+02	-1.21926625794518e+00,-1.04239230247181e+00
1.26191468896038e+02	-1.29263384725580e+00,-9.86714113729965e-01
1.29130845806931e+02	-1.36060560541223e+00,-9.24247188264673e-01
1.32138689601519e+02	-1.42247389741845e+00,-8.55580366939849e-01
1.35216595078396e+02	-1.47760282635111e+00,-7.81381204184195e-01
1.38366194183787e+02	-1.52543763812641e+00,-7.02386326572328e-01
1.41589156876827e+02	-1.56551270862885e+00,-6.19390583794125e-01
1.44887192014998e+02	-1.59745794740738e+00,-5.33235218854171e-01
1.48262048260183e+02	-1.62100349145346e+00,-4.44795308416179e-01
1.51715515005836e+02	-1.63598260553473e+00,-3.54966740942611e-01
1.55249423325738e+02	-1.64233275070173e+00,-2.64653009116360e-01
1.58865646944856e+02	-1.64009482829298e+00,-1.74752093711520e-01
1.62566103232819e+02	-1.62941065156657e+00,-8.61437087186021e-02
1.66352754220534e+02	-1.61051873940796e+00,3.22837499429240e-04
1.70227607640475e+02	-1.58374856509412e+00,8.38399322358890e-02
1.74192717991216e+02	-1.54951342658740e+00,1.63651894888997e-01
1.78250187626749e+02	-1.50830213242829e+00,2.39063987964370e-01
1.82402167871181e+02	-1.46066971817735e+00,3.09450067254064e-01
1.86650860159398e+02	-1.40722742229504e+00,3.74258774527837e-01
1.90998517204287e+02	-1.34863215704161e+00,4.33018215609734e-01
1.95447444191162e+02	-1.28557570978110e+00,4.85339105749024e-01
1.99999999999999e+02	-1.21877390325712e+00,5.30916401468943e-01
2.04658598456150e+02	-1.14895593069759e+00,5.69529472502424e-01
2.09425709610179e+02	-1.07685406379778e+00,6.01040898090357e-01
2.14303861047521e+02	-1.00319390964130e+00,6.25393998107790e-01
2.19295639228636e+02	-9.28685367511775e-01,6.42609230729128e-01
2.24403690860392e+02	-8.54014409329277e-01,6.52779604364480e-01
2.29630724299376e+02	-7.79835779183653e-01,6.56065262364697e-01
2.34979510987905e+02	-7.06766679060925e-01,6.52687404620108e-01
2.40452886923482e+02	-6.35381480299067e-01,6.42921711012550e-01
2.46053754162476e+02	-5.66207474262941e-01,6.27091428123789e-01
2.51785082358833e+02	-4.99721651889011e-01,6.05560273260634e-01
2.57649910338626e+02	-4.36348480545669e-01,5.78725299309707e-01
2.63651347711281e+02	-3.76458628440079e-01,5.47009850854615e-01
2.69792576518330e+02	-3.20368571786664e-01,5.10856727062937e-01
2.76076852920576e+02	-2.68341008165613e-01,4.70721650690148e-01
2.82507508924550e+02	-2.20585990924166e-01,4.27067125795919e-01
2.89087954149185e+02	-1.77262693936521e-01,3.80356749947884e-01
2.95821677633641e+02	-1.38481713322869e-01,3.31050030288232e-01
3.02712249687241e+02	-1.04307812544573e-01,2.79597737257414e-01
3.09763323782495e+02	-7.47630193103874e-02,2.26437815318984e-01
3.16978638492222e+02	-4.98299866025318e-02,1.71991856954616e-01
3.24362019471785e+02	-2.94555355015169e-02,1.16662134654183e-01
3.31917381487511e+02	-1.35543040076899e-02,6.08291757075654e-02
3.39648730492348e+02	-2.01243339100201e-03,4.84985633219121e-03
3.47560165749874e+02	5.30876855285307e-03,-5.09440149701174e-02
3.55655882007783e+02	8.56923987903494e-03,-1.06246660023077e-01
3.63940171721995e+02	7.94669695726346e-03,-1.60778878381535e-01
3.72417427332572e+02	3.63332359099713e-03,-2.14288220671417e-01
3.81092143592648e+02	-4.16735416551065e-03,-2.66548830131728e-01
3.89968919951608e+02	-1.52433854911173e-02,-3.17360994730069e-01
3.99052462993774e+02	-2.93770890461082e-02,-3.66550451458448e-01
4.08347588933904e+02	-4.63475142766862e-02,-4.13967482933689e-01
4.17859226170806e+02	-6.59326652254817e-02,-4.59485844381202e-01
4.27592417900445e+02	-8.79114867766001e-02,-5.03001556601377e-01
4.37552324789909e+02	-1.12065617071495e-01,-5.44431597732206e-01
4.47744227713666e+02	-1.38180912994579e-01,-5.83712523644298e-01
4.58173530553553e+02	-1.66048758180995e-01,-6.20799043724862e-01
4.68845763063983e+02	-1.95467164989864e-01,-6.55662575715603e-01
4.79766583803896e+02	-2.26241683364565e-01,-6.88289800225016e-01
4.90941783137004e+02	-2.58186130522557e-01,-7.18681232600309e-01
5.02377286301914e+02	-2.91123156036633e-01,-7.46849827056880e-01
5.14079156553771e+02	-3.24884657142649e-01,-7.72819625357999e-01
5.26053598379074e+02	-3.59312059086280e-01,-7.96624459927167e-01
5.38306960785381e+02	-3.94256475057526e-01,-8.18306719086601e-01
5.50845740667631e+02	-4.29578759801523e-01,-8.37916180146240e-01
5.63676586252888e+02	-4.65149470375270e-01,-8.55508914309598e-01
5.76806300625319e+02	-5.00848746791575e-01,-8.71146265835326e-01
5.90241845333275e+02	-5.36566124471699e-01,-8.84893906554869e-01
6.03990344080401e+02	-5.72200289563807e-01,-8.96820965721433e-01
6.18059086502716e+02	-6.07658787281022e-01,-9.06999234203917e-01
6.32455532033673e+02	-6.42857692511406e-01,-9.15502441262843e-01
6.47187313859254e+02	-6.77721251050123e-01,-9.22405601504367e-01
6.62262242965179e+02	-7.12181498933801e-01,-9.27784429118748e-01
6.77688312278402e+02	-7.46177866512287e-01,-9.31714816128261e-01
6.93473700905060e+02	-7.79656773095611e-01,-9.34272371103566e-01
7.09626778467148e+02	-8.12571217264834e-01,-9.35532014633686e-01
7.26156109540200e+02	-8.44880367225287e-01,-9.35567627725169e-01
7.43070458194342e+02	-8.76549154949862e-01,-9.34451749294938e-01
7.60378792641119e+02	-9.07547877250647e-01,-9.32255318925881e-01
7.78090289988558e+02	-9.37851806393179e-01,-9.29047461142048e-01
7.96214341106991e+02	-9.67440812371085e-01,-9.24895307555527e-01
8.14760555608222e+02	-9.96298998531811e-01,-9.19863853381786e-01
8.33738766940667e+02	-1.02441435185752e+00,-9.14015844977195e-01
8.53159037603181e+02	-1.05177840885778e+00,-9.07411695219928e-01
8.73031664480328e+02	-1.07838593774716e+00,-9.00109423752746e-01
8.93367184301922e+02	-1.10423463730357e+00,-8.92164619279636e-01
9.14176379229746e+02	-1.12932485260278e+00,-8.83630421320062e-01
9.35470282574392e+02	-1.15365930762236e+00,-8.74557519004793e-01
9.57260184645272e+02	-1.17724285454677e+00,-8.64994164685254e-01
9.79557638736887e+02	-1.20008223949128e+00,-8.54986200326127e-01
1.00237446725454e+03	-1.22218588423164e+00,-8.44577094810956e-01
1.02572276798272e+03	-1.24356368345948e+00,-8.33807990474974e-01
1.04961492049954e+03	-1.26422681700595e+00,-8.22717757333340e-01
1.07406359274050e+03	-1.28418757642548e+00,-8.11343053625449e-01
1.09908174771524e+03	-1.30345920529285e+00,-7.99718391437839e-01
1.12468265038069e+03	-1.32205575256026e+00,-7.87876206312446e-01
1.15087987467431e+03	-1.33999193826984e+00,-7.75846929846811e-01
1.17768731071117e+03	-1.35728303095373e+00,-7.63659064433372e-01
1.20511917214871e+03	-1.37394473602762e+00,-7.51339259371655e-01
1.23319000372296e+03	-1.38999309450489e+00,-7.38912387691111e-01
1.26191468896038e+03	-1.40544439136646e+00,-7.26401623106502e-01
1.29130845806930e+03	-1.42031507294608e+00,-7.13828516611155e-01
1.32138689601518e+03	-1.43462167270346e+00,-7.01213072280661e-01
1.35216595078396e+03	-1.44838074478786e+00,-6.88573821928309e-01
1.38366194183787e+03	-1.46160880481687e+00,-6.75927898310019e-01
1.41589156876827e+03	-1.47432227732251e+00,-6.63291106629125e-01
1.44887192014997e+03	-1.48653744934677e+00,-6.50677994139065e-01
1.48262048260183e+03	-1.49827042968356e+00,-6.38101917677432e-01
1.51715515005836e+03	-1.50953711331968e+00,-6.25575109013867e-01
1.55249423325738e+03	-1.52035315061662e+00,-6.13108737909311e-01
1.58865646944855e+03	-1.53073392083935e+00,-6.00712972828512e-01
1.62566103232819e+03	-1.54069450963801e+00,-5.88397039260775e-01
1.66352754220533e+03	-1.55024969012666e+00,-5.76169275630410e-01
1.70227607640474e+03	-1.55941390722200e+00,-5.64037186794398e-01
1.74192717991215e+03	-1.56820126493919e+00,-5.52007495144141e-01
1.78250187626748e+03	-1.57662551634458e+00,-5.40086189334102e-01
1.82402167871181e+03	-1.58470005591108e+00,-5.28278570680165e-01
1.86650860159397e+03	-1.59243791401863e+00,-5.16589297271246e-01
1.90998517204286e+03	-1.59985175338181e+00,-5.05022425852386e-01
1.95447444191161e+03	-1.60695386718687e+00,-4.93581451537459e-01
1.99999999999999e+03	-1.61375617875728e+00,-4.82269345420905e-01
2.04658598456150e+03	-1.62027024255576e+00,-4.71088590152900e-01
2.09425709610179e+03	-1.62650724638140e+00,-4.60041213556070e-01
2.14303861047520e+03	-1.63247801459652e+00,-4.49128820351970e-01
2.19295639228636e+03	-1.63819301225698e+00,-4.38352622074723e-01
2.24403690860391e+03	-1.64366235002826e+00,-4.27713465247992e-01
2.29630724299375e+03	-1.64889578976738e+00,-4.17211857897901e-01
2.34979510987905e+03	-1.65390275067200e+00,-4.06847994476828e-01
2.40452886923481e+03	-1.65869231591267e+00,-3.96621779273201e-01
2.46053754162475e+03	-1.66327323965479e+00,-3.86532848376381e-01
2.51785082358832e+03	-1.66765395440658e+00,-3.76580590269595e-01
2.57649910338625e+03	-1.67184257861893e+00,-3.66764165117567e-01
2.63651347711280e+03	-1.67584692447803e+00,-3.57082522815658e-01
2.69792576518329e+03	-1.67967450584458e+00,-3.47534419866413e-01
2.76076852920575e+03	-1.68333254627839e+00,-3.38118435142814e-01
2.82507508924549e+03	-1.68682798712355e+00,-3.28832984601786e-01
2.89087954149184e+03	-1.69016749559544e+00,-3.19676335001201e-01
2.95821677633640e+03	-1.69335747285555e+00,-3.10646616679480e-01
3.02712249687240e+03	-1.69640406203331e+00,-3.01741835448273e-01
3.09763323782494e+03	-1.69931315617358e+00,-2.92959883649630e-01
3.16978638492221e+03	-1.70209040608200e+00,-2.84298550424921e-01
3.24362019471784e+03	-1.70474122806205e+00,-2.75755531243683e-01
3.31917381487510e+03	-1.70727081150507e+00,-2.67328436732481e-01
3.39648730492347e+03	-1.70968412634617e+00,-2.59014800849775e-01
3.47560165749873e+03	-1.71198593034368e+00,-2.50812088441524e-01
3.55655882007782e+03	-1.71418077620285e+00,-2.42717702219707e-01
3.63940171721994e+03	-1.71627301851057e+00,-2.34728989195469e-01
3.72417427332571e+03	-1.71826682048378e+00,-2.26843246602059e-01
3.81092143592647e+03	-1.72016616053280e+00,-2.19057727340116e-01
3.89968919951606e+03	-1.72197483862208e+00,-2.11369644973616e-01
3.99052462993773e+03	-1.72369648243335e+00,-2.03776178305967e-01
4.08347588933903e+03	-1.72533455333138e+00,-1.96274475563271e-01
4.17859226170805e+03	-1.72689235211939e+00,-1.88861658208691e-01
4.27592417900444e+03	-1.72837302459939e+00,-1.81534824413559e-01
4.37552324789908e+03	-1.72977956692626e+00,-1.74291052206387e-01
4.47744227713665e+03	-1.73111483075490e+00,-1.67127402320946e-01
4.58173530553552e+03	-1.73238152819458e+00,-1.60040920764504e-01
4.68845763063981e+03	-1.73358223655645e+00,-1.53028641123547e-01
4.79766583803895e+03	-1.73471940290655e+00,-1.46087586625599e-01
4.90941783137003e+03	-1.73579534842310e+00,-1.39214771973428e-01
5.02377286301912e+03	-1.73681227255914e+00,-1.32407204967115e-01
5.14079156553769e+03	-1.73777225701596e+00,-1.25661887928991e-01
5.26053598379073e+03	-1.73867726952848e+00,-1.18975818945045e-01
5.38306960785379e+03	-1.73952916746241e+00,-1.12345992935669e-01
5.50845740667629e+03	-1.74032970123442e+00,-1.05769402568508e-01
5.63676586252887e+03	-1.74108051755096e+00,-9.92430390243994e-02
5.76806300625317e+03	-1.74178316246844e+00,-9.27638926273089e-02
5.90241845333273e+03	-1.74243908428192e+00,-8.63289533486991e-02
6.03990344080399e+03	-1.74304963624562e+00,-7.99352111958940e-02
6.18059086502713e+03	-1.74361607912292e+00,-7.35796564933222e-02
6.32455532033671e+03	-1.74413958357167e+00,-6.72592800653485e-02
6.47187313859252e+03	-1.74462123236639e+00,-6.09710733287710e-02
6.62262242965177e+03	-1.74506202246655e+00,-5.47120283027976e-02
6.77688312278400e+03	-1.74546286691960e+00,-4.84791375434304e-02
6.93473700905058e+03	-1.74582459661537e+00,-4.22693940094958e-02
7.09626778467146e+03	-1.74614796188469e+00,-3.60797908667249e-02
7.26156109540197e+03	-1.74643363394789e+00,-2.99073212361820e-02
7.43070458194339e+03	-1.74668220621448e+00,-2.37489778930939e-02
7.60378792641117e+03	-1.74689419543797e+00,-1.76017529217735e-02
7.78090289988555e+03	-1.74707004272215e+00,-1.14626373321978e-02
7.96214341106988e+03	-1.74721011438334e+00,-5.32862064365139e-03
8.14760555608219e+03	-1.74731470267340e+00,8.03309559456806e-04
8.33738766940664e+03	-1.74738402635622e+00,6.93616809446993e-03
8.53159037603179e+03	-1.74741823114788e+00,1.30729726651410e-02
8.73031664480325e+03	-1.74741739001184e+00,1.92167443591909e-02
8.93367184301919e+03	-1.74738150331772e+00,2.53705081539213e-02
9.14176379229743e+03	-1.74731049886230e+00,3.15372934252986e-02
9.35470282574389e+03	-1.74720423174520e+00,3.77201344553853e-02
9.57260184645269e+03	-1.74706248411062e+00,4.39220709337045e-02
9.79557638736884e+03	-1.74688496475045e+00,5.01461484476831e-02
1.00237446725454e+04	-1.74667130856310e+00,5.63954189570083e-02
1.02572276798272e+04	-1.74642107587451e+00,6.26729412472393e-02
1.04961492049954e+04	-1.74613375162243e+00,6.89817813577731e-02
1.07406359274050e+04	-1.74580874439058e+00,7.53250129782861e-02
1.09908174771524e+04	-1.74544538530865e+00,8.17057178092040e-02
1.12468265038069e+04	-1.74504292680265e+00,8.81269858798758e-02
1.15087987467430e+04	-1.74460054120573e+00,9.45919158194333e-02
1.17768731071117e+04	-1.74411731921581e+00,1.01103615073458e-01
1.20511917214871e+04	-1.74359226821357e+00,1.07665200061362e-01
1.23319000372295e+04	-1.74302431042471e+00,1.14279796266853e-01
1.26191468896038e+04	-1.74241228093359e+00,1.20950538255283e-01
1.29130845806930e+04	-1.74175492554643e+00,1.27680569610780e-01
1.32138689601518e+04	-1.74105089849326e+00,1.34473042784652e-01
1.35216595078395e+04	-1.74029875998274e+00,1.41331118848713e-01
1.38366194183786e+04	-1.73949697358966e+00,1.48257967143256e-01
1.41589156876826e+04	-1.73864390348728e+00,1.55256764812159e-01
1.44887192014997e+04	-1.73773781151652e+00,1.62330696215150e-01
1.48262048260182e+04	-1.73677685409066e+00,1.69482952207324e-01
1.51715515005835e+04	-1.73575907893343e+00,1.76716729275295e-01
1.55249423325737e+04	-1.73468242165022e+00,1.84035228518989e-01
1.58865646944855e+04	-1.73354470213003e+00,1.91441654467261e-01
1.62566103232818e+04	-1.73234362077811e+00,1.98939213714907e-01
1.66352754220533e+04	-1.73107675457384e+00,2.06531113367283e-01
1.70227607640474e+04	-1.72974155295855e+00,2.14220559279380e-01
1.74192717991215e+04	-1.72833533354942e+00,2.22010754073857e-01
1.78250187626748e+04	-1.72685527767748e+00,2.29904894922270e-01
1.82402167871180e+04	-1.72529842575863e+00,2.37906171074144e-01
1.86650860159397e+04	-1.72366167248388e+00,2.46017761114084e-01
1.90998517204286e+04	-1.72194176184532e+00,2.54242829930799e-01
1.95447444191160e+04	-1.72013528198698e+00,2.62584525376444e-01
2.00000000000000e+04	-1.71823865989421e+00,2.71045974597484e-01
