2.00000000000000e+01	1.09661542747925e-02,6.94199946088585e-03
2.04658598456151e+01	1.12446562591969e-02,6.75819666648040e-03
2.09425709610180e+01	1.15172853287021e-02,6.55654167520477e-03
2.14303861047521e+01	1.17826648261005e-02,6.33679463140093e-03
2.19295639228637e+01	1.20393424097628e-02,6.09880551554888e-03
2.24403690860393e+01	1.22857937655552e-02,5.84252444355723e-03
2.29630724299377e+01	1.25204274082590e-02,5.56801213890922e-03
2.34979510987906e+01	1.27415906426884e-02,5.27545048256919e-03
2.40452886923483e+01	1.29475767465739e-02,4.96515303357524e-03
2.46053754162476e+01	1.31366334308480e-02,4.63757540260316e-03
2.51785082358833e+01	1.33069726220138e-02,4.29332534958263e-03
2.57649910338627e+01	1.34567816014691e-02,3.93317246662083e-03
2.63651347711281e+01	1.35842355247712e-02,3.55805729805785e-03
2.69792576518331e+01	1.36875113284524e-02,3.16909974057594e-03
2.76076852920577e+01	1.37648030181062e-02,2.76760655911463e-03
2.82507508924551e+01	1.38143383158057e-02,2.35507784802846e-03
2.89087954149185e+01	1.38343966253849e-02,1.93321226172908e-03
2.95821677633641e+01	1.38233282574410e-02,1.50391083581494e-03
3.02712249687242e+01	1.37795748348918e-02,1.06927921767429e-03
3.09763323782496e+01	1.37016907803220e-02,6.31628125449718e-04
3.16978638492223e+01	1.35883657643112e-02,1.93471855900594e-04
3.24362019471786e+01	1.34384479720158e-02,-2.42475334635063e-04
3.31917381487512e+01	1.32509680226998e-02,-6.73305146264703e-04
3.39648730492349e+01	1.30251633539653e-02,-1.09592361080007e-03
3.47560165749875e+01	1.27605028573780e-02,-1.50706207800293e-03
3.55655882007784e+01	1.24567115309373e-02,-1.90329095222323e-03
3.63940171721997e+01	1.21137948868004e-02,-2.28103630294007e-03
3.72417427332573e+01	1.17320628311953e-02,-2.63659945488813e-03
3.81092143592649e+01	1.13121527077719e-02,-2.96617964170401e-03
3.89968919951609e+01	1.08550511739880e-02,-3.26589978284431e-03
3.99052462993776e+01	1.03621145555185e-02,-3.53183541469862e-03
4.08347588933906e+01	9.83508730393960e-03,-3.76004677535927e-03
4.17859226170808e+01	9.27611816203111e-03,-3.94661400619229e-03
4.27592417900446e+01	8.68777362241505e-03,-4.08767539254992e-03
4.37552324789910e+01	8.07304825118830e-03,-4.17946852160325e-03
4.47744227713668e+01	7.43537143466352e-03,-4.21837418480469e-03
4.58173530553554e+01	6.77861010054788e-03,-4.20096279847449e-03
4.68845763063984e+01	6.10706696142271e-03,-4.12404305623050e-03
4.79766583803898e+01	5.42547383204029e-03,-3.98471246300641e-03
4.90941783137006e+01	4.73897958251855e-03,-3.78040933178226e-03
5.02377286301916e+01	4.05313230917263e-03,-3.50896575210800e-03
5.14079156553772e+01	3.37385533337991e-03,-3.16866096365702e-03
5.26053598379076e+01	2.70741667941791e-03,-2.75827449067781e-03
5.38306960785383e+01	2.06039173480473e-03,-2.27713831480626e-03
5.50845740667633e+01	1.43961886299728e-03,-1.72518728632316e-03
5.63676586252890e+01	8.52147818900956e-04,-1.10300689900087e-03
5.76806300625321e+01	3.05180914255730e-04,-4.11877484667863e-04
5.90241845333277e+01	-1.93993008167955e-04,3.46186178310792e-04
6.03990344080403e+01	-6.38071604380727e-04,1.16840089909149e-03
6.18059086502718e+01	-1.01981873202424e-03,2.05118784400733e-03
6.32455532033675e+01	-1.33215033697973e-03,2.99015315413202e-03
6.47187313859256e+01	-1.56822586303586e-03,3.98007752104510e-03
6.62262242965182e+01	-1.72154434193054e-03,5.01491580451256e-03
6.77688312278404e+01	-1.78604413166109e-03,6.08780772124907e-03
6.93473700905062e+01	-1.75620507796473e-03,7.19110054777562e-03
7.09626778467150e+01	-1.62715168252950e-03,8.31638466137470e-03
7.26156109540202e+01	-1.39475567681785e-03,9.45454258689703e-03
7.43070458194344e+01	-1.05573622955545e-03,1.05958120259923e-02
7.60378792641121e+01	-6.07755865128067e-04,1.17298631155544e-02
7.78090289988560e+01	-4.95100474335417e-05,1.28458898982437e-02
7.96214341106993e+01	6.19191703655329e-04,1.39327156910102e-02
8.14760555608224e+01	1.39735534030253e-03,1.49789117112387e-02
8.33738766940670e+01	2.28274463043600e-03,1.59729279740772e-02
8.53159037603184e+01	3.27183842585107e-03,1.69032351106837e-02
8.73031664480331e+01	4.35980483893036e-03,1.77584753905680e-02
8.93367184301925e+01	5.54049412226245e-03,1.85276208693816e-02
9.14176379229749e+01	6.80645178782110e-03,1.92001362387197e-02
9.35470282574395e+01	8.14895317829043e-03,1.97661436420013e-02
9.57260184645275e+01	9.55806031428787e-03,2.02165864493132e-02
9.79557638736891e+01	1.10227013953921e-02,2.05433887734607e-02
1.00237446725454e+02	1.25307728366113e-02,2.07396073658643e-02
1.02572276798273e+02	1.40692631879643e-02,2.07995724698479e-02
1.04961492049954e+02	1.56243977272466e-02,2.07190142386445e-02
1.07406359274050e+02	1.71818019507195e-02,2.04951714520754e-02
1.09908174771525e+02	1.87266816311420e-02,2.01268794929409e-02
1.12468265038070e+02	2.02440165889492e-02,1.96146348744204e-02
1.15087987467431e+02	2.17187648456572e-02,1.89606340338857e-02
1.17768731071118e+02	2.31360734233001e-02,1.81687846250202e-02
1.20511917214871e+02	2.44814917343128e-02,1.72446881322432e-02
1.23319000372296e+02	2.57411832873985e-02,1.61955932837330e-02
1.26191468896038e+02	2.69021313337935e-02,1.50303204362141e-02
1.29130845806931e+02	2.79523340973213e-02,1.37591578193598e-02
1.32138689601519e+02	2.88809853804454e-02,1.23937312408502e-02
1.35216595078396e+02	2.96786366105832e-02,1.09468495367734e-02
1.38366194183787e+02	3.03373367861209e-02,9.43232868548017e-03
1.41589156876827e+02	3.08507472866580e-02,7.86479806129293e-03
1.44887192014998e+02	3.12142291061999e-02,6.25949276639404e-03
1.48262048260183e+02	3.14249007435176e-02,4.63203633193339e-03
1.51715515005836e+02	3.14816657093878e-02,2.99821830627739e-03
1.55249423325738e+02	3.13852093591106e-02,1.37377134290361e-03
1.58865646944856e+02	3.11379655176548e-02,-2.25847638043620e-04
1.62566103232819e+02	3.07440540915525e-02,-1.78566781204957e-03
1.66352754220534e+02	3.02091915476752e-02,-3.29140222836968e-03
1.70227607640475e+02	2.95405767482649e-02,-4.72962930183680e-03
1.74192717991216e+02	2.87467551604917e-02,-6.08795481684502e-03
1.78250187626749e+02	2.78374648741648e-02,-7.35515181660192e-03
1.82402167871181e+02	2.68234681756398e-02,-8.52127637982258e-03
1.86650860159398e+02	2.57163726077547e-02,-9.57775794356230e-03
1.90998517204287e+02	2.45284455225135e-02,-1.05174634972984e-02
1.95447444191162e+02	2.32724260821137e-02,-1.13347356214774e-02
1.99999999999999e+02	2.19613385143291e-02,-1.20254049585902e-02
2.04658598456150e+02	2.06083101790915e-02,-1.25867782657094e-02
2.09425709610179e+02	1.92263976726331e-02,-1.30176036903565e-02
2.14303861047521e+02	1.78284238020423e-02,-1.33180153272116e-02
2.19295639228636e+02	1.64268278197024e-02,-1.34894594420622e-02
2.24403690860392e+02	1.50335308356589e-02,-1.35346049904441e-02
2.29630724299376e+02	1.36598178396488e-02,-1.34572412089886e-02
2.34979510987905e+02	1.23162372842077e-02,-1.32621651244699e-02
2.40452886923482e+02	1.10125187141530e-02,-1.29550618097113e-02
2.46053754162476e+02	9.75750849572427e-03,-1.25423801318195e-02
2.51785082358833e+02	8.55912330269308e-03,-1.20312065889561e-02
2.57649910338626e+02	7.42432067048521e-03,-1.14291396333767e-02
2.63651347711281e+02	6.35908563588235e-03,-1.07441666411495e-02
2.69792576518330e+02	5.36843223950210e-03,-9.98454542025334e-03
2.76076852920576e+02	4.45641848611566e-03,-9.15869186597498e-03
2.82507508924550e+02	3.62617322825341e-03,-8.27507507983818e-03
2.89087954149185e+02	2.87993336126770e-03,-7.34212097864893e-03
2.95821677633641e+02	2.21908968762798e-03,-6.36812513979888e-03
3.02712249687241e+02	1.64423981976461e-03,-5.36117536432004e-03
3.09763323782495e+02	1.15524653873465e-03,-4.32908419608588e-03
3.16978638492222e+02	7.51300103924898e-04,-3.27933141690395e-03
3.24362019471785e+02	4.30983111051903e-04,-2.21901634612775e-03
3.31917381487511e+02	1.92336615678504e-04,-1.15481961026281e-03
3.39648730492348e+02	3.29263720389339e-05,-9.29739143813789e-05
3.47560165749874e+02	-5.00918233946576e-05,9.60756759384916e-04
3.55655882007783e+02	-5.99085516504644e-05,2.00109018020485e-03
3.63940171721995e+02	3.18870152086323e-10,3.02323183269777e-03
3.72417427332572e+02	1.25931642344733e-04,4.02287455816406e-03
3.81092143592648e+02	3.14009464927528e-04,4.99619262698554e-03
3.89968919951608e+02	5.60235613789626e-04,5.93983099182313e-03
3.99052462993774e+02	8.60536176016169e-04,6.85089045249491e-03
4.08347588933904e+02	1.21080373620372e-03,7.72690943329401e-03
4.17859226170806e+02	1.60693532829570e-03,8.56584303369855e-03
4.27592417900445e+02	2.04486613193696e-03,9.36603996714653e-03
4.37552324789909e+02	2.52059900674821e-03,1.01262179518276e-02
4.47744227713666e+02	3.03023000972182e-03,1.08454380631882e-02
4.58173530553553e+02	3.56997008239549e-03,1.15230785031986e-02
4.68845763063983e+02	4.13616312609213e-03,1.21588081861688e-02
4.79766583803896e+02	4.72530070658994e-03,1.27525604876455e-02
4.90941783137004e+02	5.33403364480912e-03,1.33045074514092e-02
5.02377286301914e+02	5.95918075851825e-03,1.38150347009137e-02
5.14079156553771e+02	6.59773502268248e-03,1.42847172563112e-02
5.26053598379074e+02	7.24686741387934e-03,1.47142964168175e-02
5.38306960785381e+02	7.90392869803391e-03,1.51046578306718e-02
5.50845740667631e+02	8.56644941079994e-03,1.54568108403609e-02
5.63676586252888e+02	9.23213826864349e-03,1.57718691624231e-02
5.76806300625319e+02	9.89887923389202e-03,1.60510329332639e-02
5.90241845333275e+02	1.05647274430680e-02,1.62955721321609e-02
6.03990344080401e+02	1.12279041905018e-02,1.65068113711641e-02
6.18059086502716e+02	1.18867911444008e-02,1.66861160282136e-02
6.32455532033673e+02	1.25399239550394e-02,1.68348796848479e-02
6.47187313859254e+02	1.31859853994204e-02,1.69545128207191e-02
6.62262242965179e+02	1.38237981909579e-02,1.70464327087150e-02
6.77688312278402e+02	1.44523175677794e-02,1.71120544484970e-02
6.93473700905060e+02	1.50706237593964e-02,1.71527830724602e-02
7.09626778467148e+02	1.56779144176426e-02,1.71700066548136e-02
7.26156109540200e+02	1.62734970869238e-02,1.71650903548968e-02
7.43070458194342e+02	1.68567817755146e-02,1.71393713234301e-02
7.60378792641119e+02	1.74272736812709e-02,1.70941544034694e-02
7.78090289988558e+02	1.79845661142679e-02,1.70307085577547e-02
7.96214341106991e+02	1.85283336518134e-02,1.69502639577479e-02
8.14760555608222e+02	1.90583255526847e-02,1.68540096711834e-02
8.33738766940667e+02	1.95743594510163e-02,1.67430918882695e-02
8.53159037603181e+02	2.00763153455410e-02,1.66186126308957e-02
8.73031664480328e+02	2.05641298924977e-02,1.64816288905944e-02
8.93367184301922e+02	2.10377910094708e-02,1.63331521473763e-02
9.14176379229746e+02	2.14973327898327e-02,1.61741482218342e-02
9.35470282574392e+02	2.19428307270304e-02,1.60055374187644e-02
9.57260184645272e+02	2.23743972451968e-02,1.58281949237299e-02
9.79557638736887e+02	2.27921775279007e-02,1.56429514155075e-02
1.00237446725454e+03	2.31963456386919e-02,1.54505938632197e-02
1.02572276798272e+03	2.35871009223229e-02,1.52518664775249e-02
1.04961492049954e+03	2.39646646767085e-02,1.50474717897555e-02
1.07406359274050e+03	2.43292770836360e-02,1.48380718347260e-02
1.09908174771524e+03	2.46811943872180e-02,1.46242894164247e-02
1.12468265038069e+03	2.50206863051173e-02,1.44067094359584e-02
1.15087987467431e+03	2.53480336633969e-02,1.41858802669474e-02
1.17768731071117e+03	2.56635262393096e-02,1.39623151616183e-02
1.20511917214871e+03	2.59674608011350e-02,1.37364936755324e-02
1.23319000372296e+03	2.62601393320926e-02,1.35088630991961e-02
1.26191468896038e+03	2.65418674267331e-02,1.32798398869515e-02
1.29130845806930e+03	2.68129528473355e-02,1.30498110742899e-02
1.32138689601518e+03	2.70737042300167e-02,1.28191356769055e-02
1.35216595078396e+03	2.73244299289994e-02,1.25881460650465e-02
1.38366194183787e+03	2.75654369889651e-02,1.23571493082639e-02
1.41589156876827e+03	2.77970302355497e-02,1.21264284863733e-02
1.44887192014997e+03	2.80195114743584e-02,1.18962439631809e-02
1.48262048260183e+03	2.82331787909813e-02,1.16668346209141e-02
1.51715515005836e+03	2.84383259410821e-02,1.14384190522550e-02
1.55249423325738e+03	2.86352418259327e-02,1.12111967098914e-02
1.58865646944855e+03	2.88242100432312e-02,1.09853490114482e-02
1.62566103232819e+03	2.90055085080665e-02,1.07610403999756e-02
1.66352754220533e+03	2.91794091370348e-02,1.05384193595689e-02
1.70227607640474e+03	2.93461775898950e-02,1.03176193863791e-02
1.74192717991215e+03	2.95060730623211e-02,1.00987599150827e-02
1.78250187626748e+03	2.96593481260878e-02,9.88194720195868e-03
1.82402167871181e+03	2.98062486103590e-02,9.66727516481420e-03
1.86650860159397e+03	2.99470135211899e-02,9.45482618123361e-03
1.90998517204286e+03	3.00818749940359e-02,9.24467184583342e-03
1.95447444191161e+03	3.02110582765742e-02,9.03687368803581e-03
1.99999999999999e+03	3.03347817370735e-02,8.83148385119808e-03
2.04658598456150e+03	3.04532568974294e-02,8.62854573508444e-03
2.09425709610179e+03	3.05666884849115e-02,8.42809460212003e-03
2.14303861047520e+03	3.06752745031152e-02,8.23015814971571e-03
2.19295639228636e+03	3.07792063182246e-02,8.03475704959342e-03
2.24403690860391e+03	3.08786687577945e-02,7.84190545535855e-03
2.29630724299375e+03	3.09738402216019e-02,7.65161148010971e-03
2.34979510987905e+03	3.10648928022848e-02,7.46387764530246e-03
2.40452886923481e+03	3.11519924131818e-02,7.27870130198039e-03
2.46053754162475e+03	3.12352989236564e-02,7.09607502611705e-03
2.51785082358832e+03	3.13149662988619e-02,6.91598698893669e-03
2.57649910338625e+03	3.13911427440750e-02,6.73842130377681e-03
2.63651347711280e+03	3.14639708523163e-02,6.56335835063578e-03
2.69792576518329e+03	3.15335877532213e-02,6.39077507935199e-03
2.76076852920575e+03	3.16001252644540e-02,6.22064529299147e-03
2.82507508924549e+03	3.16637100421016e-02,6.05293991195409e-03
2.89087954149184e+03	3.17244637326312e-02,5.88762722049151e-03
2.95821677633640e+03	3.17825031229762e-02,5.72467309607247e-03
3.02712249687240e+03	3.18379402899534e-02,5.56404122289120e-03
3.09763323782494e+03	3.18908827476614e-02,5.40569329026180e-03
3.16978638492221e+03	3.19414335937341e-02,5.24958917699034e-03
3.24362019471784e+03	3.19896916518028e-02,5.09568712216492e-03
3.31917381487510e+03	3.20357516131918e-02,4.94394388370007e-03
3.39648730492347e+03	3.20797041735991e-02,4.79431488474511e-03
3.47560165749873e+03	3.21216361690985e-02,4.64675434937400e-03
3.55655882007782e+03	3.21616307065499e-02,4.50121542751394e-03
3.63940171721994e+03	3.21997672920840e-02,4.35765031032604e-03
3.72417427332571e+03	3.22361219562056e-02,4.21601033642680e-03
3.81092143592647e+03	3.22707673740143e-02,4.07624608934864e-03
3.89968919951606e+03	3.23037729830885e-02,3.93830748712653e-03
3.99052462993773e+03	3.23352050973404e-02,3.80214386429739e-03
4.08347588933903e+03	3.23651270163225e-02,3.66770404674833e-03
4.17859226170805e+03	3.23935991323573e-02,3.53493642014525e-03
4.27592417900444e+03	3.24206790324397e-02,3.40378899201937e-03
4.37552324789908e+03	3.24464215969370e-02,3.27420944814808e-03
4.47744227713665e+03	3.24708790953049e-02,3.14614520361773e-03
4.58173530553552e+03	3.24941012768448e-02,3.01954344872715e-03
4.68845763063981e+03	3.25161354588631e-02,2.89435119030261e-03
4.79766583803895e+03	3.25370266107055e-02,2.77051528858069e-03
4.90941783137003e+03	3.25568174342909e-02,2.64798249002191e-03
5.02377286301912e+03	3.25755484413827e-02,2.52669945634204e-03
5.14079156553769e+03	3.25932580270620e-02,2.40661278997970e-03
5.26053598379073e+03	3.26099825399088e-02,2.28766905628397e-03
5.38306960785379e+03	3.26257563494303e-02,2.16981480268502e-03
5.50845740667629e+03	3.26406119091260e-02,2.05299657494898e-03
5.63676586252887e+03	3.26545798169860e-02,1.93716093084979e-03
5.76806300625317e+03	3.26676888729980e-02,1.82225445140612e-03
5.90241845333273e+03	3.26799661332064e-02,1.70822374983779e-03
6.03990344080399e+03	3.26914369606580e-02,1.59501547843431e-03
6.18059086502713e+03	3.27021250734080e-02,1.48257633350251e-03
6.32455532033671e+03	3.27120525899135e-02,1.37085305855035e-03
6.47187313859252e+03	3.27212400715253e-02,1.25979244583539e-03
6.62262242965177e+03	3.27297065611764e-02,1.14934133638700e-03
6.77688312278400e+03	3.27374696207486e-02,1.03944661870617e-03
6.93473700905058e+03	3.27445453646322e-02,9.30055226187651e-04
7.09626778467146e+03	3.27509484909650e-02,8.21114133419754e-04
7.26156109540197e+03	3.27566923103350e-02,7.12570351466154e-04
7.43070458194339e+03	3.27617887717069e-02,6.04370922221257e-04
7.60378792641117e+03	3.27662484855405e-02,4.96462911951067e-04
7.78090289988555e+03	3.27700807448468e-02,3.88793404115504e-04
7.96214341106988e+03	3.27732935435655e-02,2.81309491557413e-04
8.14760555608219e+03	3.27758935920936e-02,1.73958268148628e-04
8.33738766940664e+03	3.27778863309596e-02,6.66868199871355e-05
8.53159037603179e+03	3.27792759413327e-02,-4.05577837836736e-05
8.73031664480325e+03	3.27800653539872e-02,-1.47828500438514e-04
8.93367184301919e+03	3.27802562551078e-02,-2.55178323348661e-04
9.14176379229743e+03	3.27798490897261e-02,-3.62660291776867e-04
9.35470282574389e+03	3.27788430634563e-02,-4.70327500736520e-04
9.57260184645269e+03	3.27772361412978e-02,-5.78233110819006e-04
9.79557638736884e+03	3.27750250436878e-02,-6.86430357892308e-04
1.00237446725454e+04	3.27722052411621e-02,-7.94972562645240e-04
1.02572276798272e+04	3.27687709460762e-02,-9.03913139849045e-04
1.04961492049954e+04	3.27647151013093e-02,-1.01330560724267e-03
1.07406359274050e+04	3.27600293680737e-02,-1.12320359404260e-03
1.09908174771524e+04	3.27547041097417e-02,-1.23366084887323e-03
1.12468265038069e+04	3.27487283744217e-02,-1.34473124713782e-03
1.15087987467430e+04	3.27420898741108e-02,-1.45646879764478e-03
1.17768731071117e+04	3.27347749624331e-02,-1.56892764849307e-03
1.20511917214871e+04	3.27267686088564e-02,-1.68216209201468e-03
1.23319000372295e+04	3.27180543710828e-02,-1.79622656875094e-03
1.26191468896038e+04	3.27086143647299e-02,-1.91117567032541e-03
1.29130845806930e+04	3.26984292300577e-02,-2.02706414106517e-03
1.32138689601518e+04	3.26874780969970e-02,-2.14394687835311e-03
1.35216595078395e+04	3.26757385464369e-02,-2.26187893144333e-03
1.38366194183786e+04	3.26631865697091e-02,-2.38091549873093e-03
1.41589156876826e+04	3.26497965251558e-02,-2.50111192329386e-03
1.44887192014997e+04	3.26355410916374e-02,-2.62252368651215e-03
1.48262048260182e+04	3.26203912196562e-02,-2.74520639968451e-03
1.51715515005835e+04	3.26043160796787e-02,-2.86921579344857e-03
1.55249423325737e+04	3.25872830074966e-02,-2.99460770481096e-03
1.58865646944855e+04	3.25692574468478e-02,-3.12143806162539e-03
1.62566103232818e+04	3.25502028888687e-02,-3.24976286429019e-03
1.66352754220533e+04	3.25300808092327e-02,-3.37963816454290e-03
1.70227607640474e+04	3.25088506018368e-02,-3.51112004101703e-03
1.74192717991215e+04	3.24864695096984e-02,-3.64426457139912e-03
1.78250187626748e+04	3.24628925533963e-02,-3.77912780099321e-03
1.82402167871180e+04	3.24380724553478e-02,-3.91576570720713e-03
1.86650860159397e+04	3.24119595626849e-02,-4.05423416005332e-03
1.90998517204286e+04	3.23845017658333e-02,-4.19458887797889e-03
1.95447444191160e+04	3.23556444152330e-02,-4.33688537905559e-03
2.00000000000000e+04	3.23253302344128e-02,-4.48117892694810e-03
