0.000000000000000e+00	5.099949e+00
4.882812487672084e-10	5.099949e+00
9.765624975344167e-10	5.099949e+00
1.953124995068833e-09	5.099949e+00
3.906249990137667e-09	5.099949e+00
7.812499980275334e-09	5.099949e+00
1.562499996055067e-08	5.099953e+00
3.124999992110133e-08	5.099967e+00
6.249999984220267e-08	5.100019e+00
1.249999996844053e-07	5.100161e+00
1.406249996449560e-07	5.100201e+00
1.718749995660573e-07	5.100285e+00
1.796874995463327e-07	5.100306e+00
1.953124995068833e-07	5.100348e+00
2.265624994279847e-07	5.100433e+00
2.343749994082600e-07	5.100454e+00
2.499999993688107e-07	5.100496e+00
2.812499992899120e-07	5.100581e+00
2.890624992701873e-07	5.100602e+00
3.046874992307380e-07	5.100644e+00
3.359374991518393e-07	5.100729e+00
3.437499991321147e-07	5.100750e+00
3.593749990926653e-07	5.100792e+00
3.906249990137667e-07	5.100877e+00
3.984374989940420e-07	5.100898e+00
4.140624989545927e-07	5.100940e+00
4.453124988756940e-07	5.101025e+00
5.078124987178967e-07	5.101194e+00
5.234374986784474e-07	5.101236e+00
5.546874985995487e-07	5.101321e+00
5.624999985798240e-07	5.101342e+00
5.781249985403747e-07	5.101384e+00
6.093749984614760e-07	5.101469e+00
6.171874984417514e-07	5.101490e+00
6.328124984023020e-07	5.101532e+00
6.640624983234034e-07	5.101616e+00
7.265624981656060e-07	5.101785e+00
7.421874981261567e-07	5.101828e+00
7.734374980472580e-07	5.101912e+00
7.812499980275334e-07	5.101933e+00
7.968749979880840e-07	5.101975e+00
8.281249979091854e-07	5.102060e+00
8.359374978894607e-07	5.102081e+00
8.515624978500114e-07	5.102123e+00
8.828124977711127e-07	5.102208e+00
9.453124976133154e-07	5.102376e+00
9.609374975738660e-07	5.102418e+00
9.921874974949674e-07	5.102503e+00
9.999999974752427e-07	5.102524e+00
1.015624997435793e-06	5.102566e+00
1.046874997356895e-06	5.102651e+00
1.054687497337170e-06	5.102672e+00
1.070312497297721e-06	5.102714e+00
1.101562497218822e-06	5.102798e+00
1.164062497061025e-06	5.102967e+00
1.179687497021575e-06	5.103010e+00
1.210937496942677e-06	5.103094e+00
1.218749996922952e-06	5.103115e+00
1.234374996883503e-06	5.103157e+00
1.265624996804604e-06	5.103241e+00
1.273437496784879e-06	5.103263e+00
1.289062496745430e-06	5.103305e+00
1.320312496666531e-06	5.103389e+00
1.382812496508734e-06	5.103558e+00
1.398437496469285e-06	5.103600e+00
1.429687496390386e-06	5.103684e+00
1.437499996370661e-06	5.103706e+00
1.453124996331212e-06	5.103748e+00
1.484374996252313e-06	5.103832e+00
1.492187496232589e-06	5.103853e+00
1.507812496193139e-06	5.103896e+00
1.539062496114241e-06	5.103980e+00
1.601562495956443e-06	5.104148e+00
1.617187495916994e-06	5.104191e+00
1.648437495838095e-06	5.104275e+00
1.656249995818371e-06	5.104296e+00
1.671874995778921e-06	5.104338e+00
1.703124995700023e-06	5.104423e+00
1.710937495680298e-06	5.104444e+00
1.726562495640849e-06	5.104486e+00
1.757812495561950e-06	5.104570e+00
1.765624995542225e-06	5.104591e+00
1.781249995502776e-06	5.104633e+00
1.812499995423877e-06	5.104718e+00
1.874999995266080e-06	5.104886e+00
1.890624995226631e-06	5.104928e+00
1.921874995147732e-06	5.105012e+00
1.929687495128007e-06	5.105033e+00
1.945312495088558e-06	5.105076e+00
1.976562495009659e-06	5.105160e+00
1.984374994989935e-06	5.105181e+00
1.999999994950485e-06	5.105223e+00
2.031249994871587e-06	5.105308e+00
2.093749994713789e-06	5.105476e+00
2.109374994674340e-06	5.105518e+00
2.140624994595441e-06	5.105602e+00
2.148437494575717e-06	5.105623e+00
2.164062494536267e-06	5.105665e+00
2.195312494457369e-06	5.105750e+00
2.203124994437644e-06	5.105771e+00
2.218749994398195e-06	5.105813e+00
2.249999994319296e-06	5.105897e+00
2.312499994161499e-06	5.106065e+00
2.328124994122049e-06	5.106108e+00
2.359374994043151e-06	5.106192e+00
2.367187494023426e-06	5.106213e+00
2.382812493983977e-06	5.106255e+00
2.414062493905078e-06	5.106339e+00
2.421874993885353e-06	5.106360e+00
2.437499993845904e-06	5.106402e+00
2.468749993767005e-06	5.106486e+00
2.531249993609208e-06	5.106655e+00
2.546874993569759e-06	5.106697e+00
2.578124993490860e-06	5.106781e+00
2.585937493471135e-06	5.106802e+00
2.601562493431686e-06	5.106844e+00
2.632812493352787e-06	5.106928e+00
2.640624993333063e-06	5.106949e+00
2.656249993293613e-06	5.106991e+00
2.687499993214715e-06	5.107076e+00
2.749999993056917e-06	5.107244e+00
2.765624993017468e-06	5.107286e+00
2.796874992938569e-06	5.107370e+00
2.804687492918845e-06	5.107391e+00
2.820312492879395e-06	5.107433e+00
2.851562492800497e-06	5.107517e+00
2.859374992780772e-06	5.107538e+00
2.874999992741323e-06	5.107580e+00
2.906249992662424e-06	5.107664e+00
2.968749992504627e-06	5.107832e+00
2.984374992465177e-06	5.107874e+00
3.015624992386279e-06	5.107959e+00
3.023437492366554e-06	5.107980e+00
3.039062492327105e-06	5.108022e+00
3.070312492248206e-06	5.108106e+00
3.132812492090409e-06	5.108274e+00
3.148437492050959e-06	5.108316e+00
3.179687491972061e-06	5.108400e+00
3.187499991952336e-06	5.108421e+00
3.203124991912887e-06	5.108463e+00
3.234374991833988e-06	5.108547e+00
3.242187491814263e-06	5.108568e+00
3.257812491774814e-06	5.108610e+00
3.289062491695915e-06	5.108694e+00
3.351562491538118e-06	5.108862e+00
3.367187491498669e-06	5.108904e+00
3.398437491419770e-06	5.108988e+00
3.406249991400045e-06	5.109009e+00
3.421874991360596e-06	5.109051e+00
3.453124991281697e-06	5.109135e+00
3.460937491261973e-06	5.109156e+00
3.476562491222523e-06	5.109198e+00
3.507812491143625e-06	5.109282e+00
3.570312490985827e-06	5.109450e+00
3.585937490946378e-06	5.109492e+00
3.617187490867479e-06	5.109576e+00
3.624999990847755e-06	5.109597e+00
3.640624990808305e-06	5.109639e+00
3.671874990729407e-06	5.109723e+00
3.679687490709682e-06	5.109744e+00
3.695312490670233e-06	5.109786e+00
3.726562490591334e-06	5.109870e+00
3.734374990571609e-06	5.109891e+00
3.749999990532160e-06	5.109933e+00
3.781249990453261e-06	5.110017e+00
3.789062490433537e-06	5.110038e+00
3.804687490394087e-06	5.110080e+00
3.835937490315189e-06	5.110164e+00
3.898437490157391e-06	5.110332e+00
3.914062490117942e-06	5.110373e+00
3.945312490039043e-06	5.110457e+00
3.953124990019319e-06	5.110478e+00
3.968749989979869e-06	5.110520e+00
3.999999989900971e-06	5.110604e+00
4.062499989743174e-06	5.110772e+00
4.078124989703724e-06	5.110814e+00
4.109374989624826e-06	5.110898e+00
4.117187489605101e-06	5.110919e+00
4.132812489565652e-06	5.110961e+00
4.164062489486753e-06	5.111045e+00
4.171874989467028e-06	5.111066e+00
4.187499989427579e-06	5.111108e+00
4.218749989348680e-06	5.111192e+00
4.226562489328956e-06	5.111213e+00
4.242187489289506e-06	5.111255e+00
4.273437489210608e-06	5.111339e+00
4.335937489052810e-06	5.111506e+00
4.460937488737216e-06	5.111842e+00
4.710937488106026e-06	5.112512e+00
5.210937486843648e-06	5.113852e+00
6.210937484318890e-06	5.116525e+00
8.210937479269376e-06	5.121851e+00
1.221093746917035e-05	5.132419e+00
2.021093744897229e-05	5.153221e+00
3.527684284882350e-05	5.191356e+00
5.521348328783753e-05	5.239656e+00
8.352415601677684e-05	5.303837e+00
1.182641462851701e-04	5.375168e+00
1.631065923345303e-04	5.454884e+00
2.119347173345303e-04	5.525727e+00
2.607628423345303e-04	5.578704e+00
3.095909673345303e-04	5.613016e+00
3.584190923345303e-04	5.628539e+00
4.072472173345303e-04	5.625465e+00
4.560753423345303e-04	5.604307e+00
5.049034673345302e-04	5.566337e+00
5.480713062883980e-04	5.518987e+00
5.947915139385888e-04	5.454051e+00
6.436196389385889e-04	5.373415e+00
6.924477639385889e-04	5.281364e+00
7.412758889385890e-04	5.179769e+00
7.901040139385890e-04	5.070810e+00
8.389321389385891e-04	4.956786e+00
8.877602639385891e-04	4.840075e+00
9.365883889385892e-04	4.723092e+00
9.854165139385892e-04	4.608238e+00
1.034244638938589e-03	4.497868e+00
1.083072763938589e-03	4.394241e+00
1.131900888938589e-03	4.299483e+00
1.180729013938589e-03	4.215547e+00
1.229557138938589e-03	4.144178e+00
1.278385263938589e-03	4.086884e+00
1.327213388938589e-03	4.044907e+00
1.376041513938590e-03	4.019197e+00
1.424869638938590e-03	4.010406e+00
1.473697763938590e-03	4.018865e+00
1.522525888938590e-03	4.044585e+00
1.571354013938590e-03	4.087255e+00
1.620182138938590e-03	4.146247e+00
1.669010263938590e-03	4.220186e+00
1.711451490170013e-03	4.295865e+00
1.749881325801345e-03	4.373713e+00
1.798709450801345e-03	4.483024e+00
1.847537575801345e-03	4.601412e+00
1.896365700801345e-03	4.727490e+00
1.945193825801345e-03	4.859075e+00
1.994021950801346e-03	4.993874e+00
2.042850075801345e-03	5.129532e+00
2.091678200801345e-03	5.263676e+00
2.140506325801345e-03	5.393952e+00
2.189334450801345e-03	5.518075e+00
2.238162575801345e-03	5.633868e+00
2.286990700801345e-03	5.739299e+00
2.335818825801344e-03	5.832523e+00
2.384646950801344e-03	5.911914e+00
2.433475075801344e-03	5.976091e+00
2.482303200801344e-03	6.023951e+00
2.531131325801344e-03	6.054680e+00
2.579959450801343e-03	6.067777e+00
2.628787575801343e-03	6.063056e+00
2.677615700801343e-03	6.040654e+00
2.726443825801343e-03	6.001025e+00
2.775271950801343e-03	5.944938e+00
2.824100075801343e-03	5.873742e+00
2.868748599779819e-03	5.796019e+00
2.917576724779819e-03	5.698735e+00
2.966404849779819e-03	5.590934e+00
3.015232974779819e-03	5.474326e+00
3.064061099779818e-03	5.351066e+00
3.112889224779818e-03	5.223426e+00
3.161717349779818e-03	5.093759e+00
3.210545474779818e-03	4.964451e+00
3.259373599779818e-03	4.837882e+00
3.308201724779818e-03	4.716379e+00
3.357029849779817e-03	4.602176e+00
3.405857974779817e-03	4.497372e+00
3.454686099779817e-03	4.403894e+00
3.503514224779817e-03	4.323464e+00
3.552342349779817e-03	4.257563e+00
3.601170474779816e-03	4.207405e+00
3.649998599779816e-03	4.173920e+00
3.698826724779816e-03	4.157731e+00
3.747654849779816e-03	4.159148e+00
3.796482974779816e-03	4.178157e+00
3.845311099779816e-03	4.214425e+00
3.894139224779815e-03	4.267302e+00
3.942967349779816e-03	4.335439e+00
3.986180718897832e-03	4.407677e+00
4.025868118454299e-03	4.483906e+00
4.074696243454298e-03	4.588363e+00
4.123524368454298e-03	4.702084e+00
4.172352493454298e-03	4.823593e+00
4.221180618454298e-03	4.950684e+00
4.270008743454298e-03	5.081051e+00
4.318836868454298e-03	5.212327e+00
4.367664993454297e-03	5.342129e+00
4.416493118454297e-03	5.468099e+00
4.465321243454297e-03	5.587948e+00
4.514149368454297e-03	5.699499e+00
4.562977493454297e-03	5.800725e+00
4.611805618454297e-03	5.889788e+00
4.660633743454296e-03	5.965068e+00
4.709461868454296e-03	6.025198e+00
4.758289993454296e-03	6.069085e+00
4.807118118454296e-03	6.095931e+00
4.855946243454296e-03	6.105249e+00
4.904774368454295e-03	6.096869e+00
4.953602493454295e-03	6.070944e+00
5.002430618454295e-03	6.027946e+00
5.051258743454295e-03	5.969124e+00
5.093861060627278e-03	5.905035e+00
5.140370970366260e-03	5.822307e+00
5.189199095366259e-03	5.723554e+00
5.238027220366259e-03	5.614202e+00
5.286855345366259e-03	5.496081e+00
5.335683470366259e-03	5.371339e+00
5.384511595366259e-03	5.242242e+00
5.433339720366259e-03	5.111138e+00
5.482167845366258e-03	4.980412e+00
5.530995970366258e-03	4.852437e+00
5.579824095366258e-03	4.729541e+00
5.628652220366258e-03	4.613958e+00
5.677480345366258e-03	4.507788e+00
5.726308470366257e-03	4.412960e+00
5.775136595366257e-03	4.331195e+00
5.823964720366257e-03	4.263980e+00
5.872792845366257e-03	4.212534e+00
5.921620970366257e-03	4.177790e+00
5.970449095366257e-03	4.160378e+00
6.019277220366256e-03	4.160609e+00
6.068105345366256e-03	4.178478e+00
6.116933470366256e-03	4.213655e+00
6.165761595366256e-03	4.265497e+00
6.214589720366256e-03	4.332608e+00
6.257109376985558e-03	4.402742e+00
6.295666951784266e-03	4.475919e+00
6.344495076784266e-03	4.579255e+00
6.393323201784266e-03	4.691926e+00
6.442151326784266e-03	4.812542e+00
6.490979451784265e-03	4.938903e+00
6.539807576784265e-03	5.068707e+00
6.588635701784265e-03	5.199587e+00
6.637463826784265e-03	5.329159e+00
6.686291951784265e-03	5.455062e+00
6.735120076784265e-03	5.575000e+00
6.783948201784264e-03	5.686789e+00
6.832776326784264e-03	5.788388e+00
6.881604451784264e-03	5.877947e+00
6.930432576784264e-03	5.953832e+00
6.979260701784264e-03	6.014658e+00
7.028088826784263e-03	6.059315e+00
7.076916951784263e-03	6.086986e+00
7.125745076784263e-03	6.097163e+00
7.174573201784263e-03	6.089658e+00
7.223401326784263e-03	6.064603e+00
7.272229451784263e-03	6.022451e+00
7.321057576784262e-03	5.963964e+00
7.369885701784262e-03	5.890501e+00
7.414326421909790e-03	5.811193e+00
7.463154546909790e-03	5.711892e+00
7.511982671909789e-03	5.602189e+00
7.560810796909789e-03	5.483778e+00
7.609638921909789e-03	5.358811e+00
7.658467046909789e-03	5.229557e+00
7.707295171909789e-03	5.098364e+00
7.756123296909789e-03	4.967615e+00
7.804951421909788e-03	4.839686e+00
7.853779546909788e-03	4.716900e+00
7.902607671909789e-03	4.601488e+00
7.951435796909790e-03	4.495545e+00
8.000263921909790e-03	4.400997e+00
8.049092046909791e-03	4.319560e+00
8.097920171909792e-03	4.252710e+00
8.146748296909792e-03	4.201663e+00
8.195576421909793e-03	4.167342e+00
8.244404546909794e-03	4.150368e+00
8.293232671909795e-03	4.151047e+00
8.342060796909795e-03	4.169363e+00
8.390888921909796e-03	4.204979e+00
8.439717046909797e-03	4.257244e+00
8.488545171909797e-03	4.324810e+00
8.531835935094470e-03	4.396709e+00
8.571649380696222e-03	4.472784e+00
8.620477505696222e-03	4.576788e+00
8.669305630696223e-03	4.690084e+00
8.718133755696224e-03	4.811185e+00
8.766961880696224e-03	4.937882e+00
8.815790005696225e-03	5.067869e+00
8.864618130696226e-03	5.198776e+00
8.913446255696227e-03	5.328218e+00
8.962274380696227e-03	5.453836e+00
9.011102505696228e-03	5.573343e+00
9.059930630696229e-03	5.684561e+00
9.108758755696229e-03	5.785461e+00
9.157586880696230e-03	5.874207e+00
9.206415005696231e-03	5.949180e+00
9.255243130696231e-03	6.009012e+00
9.304071255696232e-03	6.052612e+00
9.352899380696233e-03	6.079184e+00
9.401727505696234e-03	6.088241e+00
9.450555630696234e-03	6.079615e+00
9.499383755696235e-03	6.053461e+00
9.548211880696236e-03	6.010252e+00
9.597040005696236e-03	5.951252e+00
9.639437181219719e-03	5.887351e+00
9.685870816476132e-03	5.804661e+00
9.734698941476133e-03	5.705839e+00
9.783527066476134e-03	5.596435e+00
9.832355191476135e-03	5.478273e+00
9.881183316476135e-03	5.353502e+00
9.930011441476136e-03	5.224388e+00
9.978839566476137e-03	5.093278e+00
1.002766769147614e-02	4.962554e+00
1.007649581647614e-02	4.834593e+00
1.012532394147614e-02	4.711720e+00
1.017415206647614e-02	4.596169e+00
1.022298019147614e-02	4.490039e+00
1.027180831647614e-02	4.395258e+00
1.032063644147614e-02	4.313550e+00
1.036946456647614e-02	4.246397e+00
1.041829269147614e-02	4.195019e+00
1.046712081647614e-02	4.160348e+00
1.051594894147614e-02	4.143014e+00
1.056477706647614e-02	4.143329e+00
1.061360519147615e-02	4.161284e+00
1.066243331647615e-02	4.196552e+00
1.071126144147615e-02	4.248487e+00
1.076008956647615e-02	4.315696e+00
1.080263766668947e-02	4.385968e+00
1.084124156732407e-02	4.459319e+00
1.089006969232407e-02	4.562768e+00
1.093889781732407e-02	4.675554e+00
1.098772594232407e-02	4.796281e+00
1.103655406732407e-02	4.922750e+00
1.108538219232407e-02	5.052658e+00
1.113421031732408e-02	5.183639e+00
1.118303844232408e-02	5.313307e+00
1.123186656732408e-02	5.439302e+00
1.128069469232408e-02	5.559329e+00
1.132952281732408e-02	5.671202e+00
1.137835094232408e-02	5.772882e+00
1.142717906732408e-02	5.862519e+00
1.147600719232408e-02	5.938479e+00
1.152483531732408e-02	5.999378e+00
1.157366344232408e-02	6.044106e+00
1.162249156732408e-02	6.071848e+00
1.167131969232408e-02	6.082096e+00
1.172014781732408e-02	6.074662e+00
1.176897594232408e-02	6.049679e+00
1.181780406732409e-02	6.007601e+00
1.186663219232409e-02	5.949191e+00
1.191546031732409e-02	5.875813e+00
1.195982567288850e-02	5.796724e+00
1.200865379788850e-02	5.697523e+00
1.205748192288850e-02	5.587928e+00
1.210631004788850e-02	5.469627e+00
1.215513817288850e-02	5.344771e+00
1.220396629788850e-02	5.215630e+00
1.225279442288850e-02	5.084552e+00
1.230162254788850e-02	4.953921e+00
1.235045067288850e-02	4.826112e+00
1.239927879788850e-02	4.703447e+00
1.244810692288850e-02	4.588158e+00
1.249693504788850e-02	4.482341e+00
1.254576317288850e-02	4.387918e+00
1.259459129788850e-02	4.306608e+00
1.264341942288850e-02	4.239886e+00
1.269224754788851e-02	4.188967e+00
1.274107567288851e-02	4.154775e+00
1.278990379788851e-02	4.137929e+00
1.283873192288851e-02	4.138737e+00
1.288756004788851e-02	4.157180e+00
1.293638817288851e-02	4.192923e+00
1.298521629788851e-02	4.245312e+00
1.303404442288851e-02	4.313004e+00
1.307736325228940e-02	4.385065e+00
1.311722240711151e-02	4.461333e+00
1.316605053211151e-02	4.565469e+00
1.321487865711151e-02	4.678894e+00
1.326370678211151e-02	4.800117e+00
1.331253490711151e-02	4.926932e+00
1.336136303211151e-02	5.057029e+00
1.341019115711151e-02	5.188040e+00
1.345901928211151e-02	5.317579e+00
1.350784740711151e-02	5.443289e+00
1.355667553211151e-02	5.562881e+00
1.360550365711151e-02	5.674178e+00
1.365433178211151e-02	5.775152e+00
1.370315990711151e-02	5.863967e+00
1.375198803211151e-02	5.939003e+00
1.380081615711152e-02	5.998897e+00
1.384964428211152e-02	6.042554e+00
1.389847240711152e-02	6.069181e+00
1.394730053211152e-02	6.078292e+00
1.399612865711152e-02	6.069720e+00
1.404495678211152e-02	6.043619e+00
1.409378490711152e-02	6.000463e+00
1.414261303211152e-02	5.941525e+00
1.418493581314240e-02	5.877796e+00
1.423134178884161e-02	5.795229e+00
1.428016991384161e-02	5.696493e+00
1.432899803884161e-02	5.587176e+00
1.437782616384161e-02	5.469102e+00
1.442665428884161e-02	5.344419e+00
1.447548241384161e-02	5.215392e+00
1.452431053884161e-02	5.084369e+00
1.457313866384161e-02	4.953732e+00
1.462196678884161e-02	4.825859e+00
1.467079491384161e-02	4.703074e+00
1.471962303884162e-02	4.587610e+00
1.476845116384162e-02	4.481567e+00
1.481727928884162e-02	4.386874e+00
1.486610741384162e-02	4.305252e+00
1.491493553884162e-02	4.238185e+00
1.496376366384162e-02	4.186894e+00
1.501259178884162e-02	4.152309e+00
1.506141991384162e-02	4.135061e+00
1.511024803884162e-02	4.135460e+00
1.515907616384162e-02	4.153500e+00
1.520790428884162e-02	4.188850e+00
1.525673241384162e-02	4.240868e+00
1.530556053884162e-02	4.308158e+00
1.534811895323028e-02	4.378519e+00
1.538673965245968e-02	4.451967e+00
1.543556777745968e-02	4.555499e+00
1.548439590245968e-02	4.668366e+00
1.553322402745968e-02	4.789172e+00
1.558205215245968e-02	4.915717e+00
1.563088027745968e-02	5.045698e+00
1.567970840245968e-02	5.176749e+00
1.572853652745968e-02	5.306486e+00
1.577736465245969e-02	5.432546e+00
1.582619277745969e-02	5.552635e+00
1.587502090245969e-02	5.664567e+00
1.592384902745969e-02	5.766305e+00
1.597267715245969e-02	5.855997e+00
1.602150527745969e-02	5.932010e+00
1.607033340245969e-02	5.992960e+00
1.611916152745969e-02	6.037739e+00
1.616798965245969e-02	6.065529e+00
1.621681777745969e-02	6.075824e+00
1.626564590245969e-02	6.068438e+00
1.631447402745969e-02	6.043502e+00
1.636330215245969e-02	6.001470e+00
1.641213027745969e-02	5.943107e+00
1.646095840245970e-02	5.869779e+00
1.650529642913046e-02	5.790786e+00
1.655412455413046e-02	5.691638e+00
1.660295267913046e-02	5.582098e+00
1.665178080413047e-02	5.463852e+00
1.670060892913047e-02	5.339052e+00
1.674943705413047e-02	5.209968e+00
1.679826517913047e-02	5.078947e+00
1.684709330413047e-02	4.948372e+00
1.689592142913047e-02	4.820619e+00
1.694474955413047e-02	4.698011e+00
1.699357767913047e-02	4.582779e+00
1.704240580413047e-02	4.477019e+00
1.709123392913047e-02	4.382654e+00
1.714006205413047e-02	4.301401e+00
1.718889017913047e-02	4.234736e+00
1.723771830413047e-02	4.183875e+00
1.728654642913047e-02	4.149739e+00
1.733537455413047e-02	4.132950e+00
1.738420267913048e-02	4.133813e+00
1.743303080413048e-02	4.152312e+00
1.748185892913048e-02	4.188109e+00
1.753068705413048e-02	4.240554e+00
1.757951517913048e-02	4.308299e+00
1.762284418566088e-02	4.380425e+00
1.766271991514387e-02	4.456771e+00
1.771154804014387e-02	4.560962e+00
1.776037616514387e-02	4.674441e+00
1.780920429014387e-02	4.795716e+00
1.785803241514387e-02	4.922581e+00
1.790686054014387e-02	5.052724e+00
1.795568866514387e-02	5.183779e+00
1.800451679014388e-02	5.313361e+00
1.805334491514388e-02	5.439110e+00
1.810217304014388e-02	5.558739e+00
1.815100116514388e-02	5.670070e+00
1.819982929014388e-02	5.771077e+00
1.824865741514388e-02	5.859922e+00
1.829748554014388e-02	5.934988e+00
1.834631366514388e-02	5.994908e+00
1.839514179014388e-02	6.038592e+00
1.844396991514388e-02	6.065244e+00
1.849279804014388e-02	6.074379e+00
1.854162616514388e-02	6.065831e+00
1.859045429014388e-02	6.039754e+00
1.863928241514388e-02	5.996622e+00
1.868811054014389e-02	5.937710e+00
1.873040634464571e-02	5.874048e+00
1.877680229075892e-02	5.791530e+00
1.882563041575892e-02	5.692828e+00
1.887445854075892e-02	5.583548e+00
1.892328666575892e-02	5.465509e+00
1.897211479075892e-02	5.340861e+00
1.902094291575892e-02	5.211869e+00
1.906977104075892e-02	5.080882e+00
1.911859916575892e-02	4.950281e+00
1.916742729075892e-02	4.822443e+00
1.921625541575892e-02	4.699693e+00
1.926508354075892e-02	4.584264e+00
1.931391166575892e-02	4.478256e+00
1.936273979075892e-02	4.383597e+00
1.941156791575892e-02	4.302010e+00
1.946039604075893e-02	4.234978e+00
1.950922416575893e-02	4.183721e+00
1.955805229075893e-02	4.149171e+00
1.960688041575893e-02	4.131956e+00
1.965570854075893e-02	4.132389e+00
1.970453666575893e-02	4.150462e+00
1.975336479075893e-02	4.185845e+00
1.980219291575893e-02	4.237895e+00
1.985102104075893e-02	4.305218e+00
1.989358319510397e-02	4.375613e+00
1.993220998556135e-02	4.449099e+00
1.998103811056135e-02	4.552663e+00
2.002986623556136e-02	4.665562e+00
2.007869436056136e-02	4.786398e+00
2.012752248556136e-02	4.912973e+00
2.017635061056136e-02	5.042984e+00
2.022517873556136e-02	5.174063e+00
2.027400686056136e-02	5.303826e+00
2.032283498556136e-02	5.429912e+00
2.037166311056136e-02	5.550026e+00
2.042049123556136e-02	5.661982e+00
2.046931936056136e-02	5.763742e+00
2.051814748556136e-02	5.853456e+00
2.056697561056136e-02	5.929491e+00
2.061580373556136e-02	5.990462e+00
2.066463186056136e-02	6.035260e+00
2.071345998556137e-02	6.063070e+00
2.076228811056137e-02	6.073385e+00
2.081111623556137e-02	6.066017e+00
2.085994436056137e-02	6.041100e+00
2.090877248556137e-02	5.999087e+00
2.095760061056137e-02	5.940742e+00
2.100642873556137e-02	5.867434e+00
2.105075685263895e-02	5.788477e+00
2.109958497763895e-02	5.689351e+00
2.114841310263895e-02	5.579833e+00
2.119724122763895e-02	5.461609e+00
2.124606935263895e-02	5.336831e+00
2.129489747763895e-02	5.207768e+00
2.134372560263895e-02	5.076769e+00
2.139255372763895e-02	4.946216e+00
2.144138185263895e-02	4.818485e+00
2.149020997763895e-02	4.695900e+00
2.153903810263895e-02	4.580690e+00
2.158786622763895e-02	4.474953e+00
2.163669435263895e-02	4.380610e+00
2.168552247763895e-02	4.299378e+00
2.173435060263896e-02	4.232737e+00
2.178317872763896e-02	4.181897e+00
2.183200685263896e-02	4.147783e+00
2.188083497763896e-02	4.131016e+00
2.192966310263896e-02	4.131901e+00
2.197849122763896e-02	4.150422e+00
2.202731935263896e-02	4.186240e+00
2.207614747763896e-02	4.238705e+00
2.212497560263896e-02	4.306471e+00
2.216830829940601e-02	4.378623e+00
2.220819003887348e-02	4.454997e+00
2.225701816387348e-02	4.559209e+00
2.230584628887348e-02	4.672709e+00
2.235467441387349e-02	4.794005e+00
2.240350253887349e-02	4.920888e+00
2.245233066387349e-02	5.051050e+00
2.250115878887349e-02	5.182122e+00
2.254998691387349e-02	5.311720e+00
2.259881503887349e-02	5.437485e+00
2.264764316387349e-02	5.557128e+00
2.269647128887349e-02	5.668473e+00
2.274529941387349e-02	5.769493e+00
2.279412753887349e-02	5.858350e+00
2.284295566387349e-02	5.933427e+00
2.289178378887349e-02	5.993359e+00
2.294061191387349e-02	6.037053e+00
2.298944003887349e-02	6.063715e+00
2.303826816387350e-02	6.072861e+00
2.308709628887350e-02	6.064322e+00
2.313592441387350e-02	6.038255e+00
2.318475253887350e-02	5.995132e+00
2.323358066387350e-02	5.936231e+00
2.327586668662943e-02	5.872594e+00
2.332225899601641e-02	5.790095e+00
2.337108712101641e-02	5.691407e+00
2.341991524601641e-02	5.582140e+00
2.346874337101641e-02	5.464115e+00
2.351757149601641e-02	5.339480e+00
2.356639962101641e-02	5.210503e+00
2.361522774601641e-02	5.079529e+00
2.366405587101642e-02	4.948942e+00
2.371288399601642e-02	4.821117e+00
2.376171212101642e-02	4.698381e+00
2.381054024601642e-02	4.582966e+00
2.385936837101642e-02	4.476972e+00
2.390819649601642e-02	4.382326e+00
2.395702462101642e-02	4.300753e+00
2.400585274601642e-02	4.233734e+00
2.405468087101642e-02	4.182490e+00
2.410350899601642e-02	4.147954e+00
2.415233712101642e-02	4.130752e+00
2.420116524601642e-02	4.131197e+00
2.424999337101642e-02	4.149283e+00
2.429882149601642e-02	4.184680e+00
2.434764962101642e-02	4.236742e+00
2.439647774601643e-02	4.304077e+00
2.443904125646252e-02	4.374485e+00
2.447767025558733e-02	4.447985e+00
2.452649838058733e-02	4.551561e+00
2.457532650558733e-02	4.664473e+00
2.462415463058733e-02	4.785322e+00
2.467298275558733e-02	4.911908e+00
2.472181088058733e-02	5.041929e+00
2.477063900558733e-02	5.173019e+00
2.481946713058733e-02	5.302793e+00
2.486829525558733e-02	5.428889e+00
2.491712338058733e-02	5.549012e+00
2.496595150558733e-02	5.660977e+00
2.501477963058733e-02	5.762748e+00
2.506360775558733e-02	5.852470e+00
2.511243588058733e-02	5.928513e+00
2.516126400558734e-02	5.989492e+00
2.521009213058734e-02	6.034298e+00
2.525892025558734e-02	6.062116e+00
2.530774838058734e-02	6.072438e+00
2.535657650558734e-02	6.065078e+00
2.540540463058734e-02	6.040169e+00
2.545423275558734e-02	5.998163e+00
2.550306088058734e-02	5.939826e+00
2.555188900558734e-02	5.866525e+00
2.559621352946007e-02	5.787582e+00
2.564504165446007e-02	5.688464e+00
2.569386977946007e-02	5.578954e+00
2.574269790446007e-02	5.460739e+00
2.579152602946008e-02	5.335969e+00
2.584035415446008e-02	5.206915e+00
2.588918227946008e-02	5.075924e+00
2.593801040446008e-02	4.945380e+00
2.598683852946008e-02	4.817658e+00
2.603566665446008e-02	4.695082e+00
2.608449477946008e-02	4.579881e+00
2.613332290446008e-02	4.474151e+00
2.618215102946008e-02	4.379817e+00
2.623097915446008e-02	4.298594e+00
2.627980727946008e-02	4.231961e+00
2.632863540446008e-02	4.181129e+00
2.637746352946008e-02	4.147024e+00
2.642629165446008e-02	4.130266e+00
2.647511977946009e-02	4.131159e+00
2.652394790446009e-02	4.149688e+00
2.657277602946009e-02	4.185514e+00
2.662160415446009e-02	4.237988e+00
2.667043227946009e-02	4.305762e+00
2.671376631429644e-02	4.377923e+00
2.675365023296677e-02	4.454308e+00
2.680247835796677e-02	4.558528e+00
2.685130648296677e-02	4.672037e+00
2.690013460796677e-02	4.793340e+00
2.694896273296677e-02	4.920230e+00
2.699779085796677e-02	5.050399e+00
2.704661898296678e-02	5.181479e+00
2.709544710796678e-02	5.311082e+00
2.714427523296678e-02	5.436853e+00
2.719310335796678e-02	5.556502e+00
2.724193148296678e-02	5.667852e+00
2.729075960796678e-02	5.768878e+00
2.733958773296678e-02	5.857739e+00
2.738841585796678e-02	5.932821e+00
2.743724398296678e-02	5.992757e+00
2.748607210796678e-02	6.036456e+00
2.753490023296678e-02	6.063122e+00
2.758372835796678e-02	6.072271e+00
2.763255648296678e-02	6.063737e+00
2.768138460796678e-02	6.037673e+00
2.773021273296679e-02	5.994555e+00
2.777904085796679e-02	5.935658e+00
2.782132333388540e-02	5.872030e+00
2.786771432460725e-02	5.789538e+00
2.791654244960725e-02	5.690855e+00
2.796537057460725e-02	5.581594e+00
2.801419869960725e-02	5.463574e+00
2.806302682460725e-02	5.338945e+00
2.811185494960725e-02	5.209973e+00
2.816068307460725e-02	5.079005e+00
2.820951119960725e-02	4.948423e+00
2.825833932460725e-02	4.820603e+00
2.830716744960726e-02	4.697872e+00
2.835599557460726e-02	4.582462e+00
2.840482369960726e-02	4.476473e+00
2.845365182460726e-02	4.381833e+00
2.850247994960726e-02	4.300265e+00
2.855130807460726e-02	4.233252e+00
2.860013619960726e-02	4.182013e+00
2.864896432460726e-02	4.147481e+00
2.869779244960726e-02	4.130284e+00
2.874662057460726e-02	4.130735e+00
2.879544869960726e-02	4.148826e+00
2.884427682460726e-02	4.184227e+00
2.889310494960726e-02	4.236294e+00
2.894193307460726e-02	4.303634e+00
2.898449707677034e-02	4.374047e+00
2.902312687674936e-02	4.447553e+00
2.907195500174936e-02	4.551134e+00
2.912078312674936e-02	4.664050e+00
2.916961125174936e-02	4.784904e+00
2.921843937674936e-02	4.911495e+00
2.926726750174936e-02	5.041520e+00
2.931609562674936e-02	5.172614e+00
2.936492375174937e-02	5.302392e+00
2.941375187674937e-02	5.428492e+00
2.946258000174937e-02	5.548619e+00
2.951140812674937e-02	5.660588e+00
2.956023625174937e-02	5.762362e+00
2.960906437674937e-02	5.852087e+00
2.965789250174937e-02	5.928133e+00
2.970672062674937e-02	5.989116e+00
2.975554875174937e-02	6.033925e+00
2.980437687674937e-02	6.061746e+00
2.985320500174937e-02	6.072071e+00
2.990203312674937e-02	6.064713e+00
2.995086125174937e-02	6.039807e+00
2.999968937674937e-02	5.997805e+00
3.004851750174937e-02	5.939470e+00
3.009734562674938e-02	5.866173e+00
3.014166884773928e-02	5.787235e+00
3.019049697273928e-02	5.688120e+00
3.023932509773928e-02	5.578614e+00
3.028815322273928e-02	5.460402e+00
3.033698134773928e-02	5.335635e+00
3.038580947273928e-02	5.206584e+00
3.043463759773928e-02	5.075597e+00
3.048346572273928e-02	4.945056e+00
3.053229384773928e-02	4.817338e+00
3.058112197273928e-02	4.694764e+00
3.062995009773928e-02	4.579566e+00
3.067877822273929e-02	4.473840e+00
3.072760634773929e-02	4.379509e+00
3.077643447273929e-02	4.298290e+00
3.082526259773929e-02	4.231660e+00
3.087409072273929e-02	4.180832e+00
3.092291884773929e-02	4.146730e+00
3.097174697273929e-02	4.129975e+00
3.102057509773929e-02	4.130872e+00
3.106940322273929e-02	4.149404e+00
3.111823134773929e-02	4.185233e+00
3.116705947273929e-02	4.237709e+00
3.121588759773929e-02	4.305487e+00
3.125922211775393e-02	4.377651e+00
3.129910682659398e-02	4.454041e+00
3.134793495159398e-02	4.558264e+00
3.139676307659398e-02	4.671775e+00
3.144559120159397e-02	4.793082e+00
3.149441932659397e-02	4.919975e+00
3.154324745159397e-02	5.050147e+00
3.159207557659396e-02	5.181229e+00
3.164090370159396e-02	5.310835e+00
3.168973182659396e-02	5.436608e+00
3.173855995159396e-02	5.556259e+00
3.178738807659395e-02	5.667612e+00
3.183621620159395e-02	5.768639e+00
3.188504432659395e-02	5.857503e+00
3.193387245159394e-02	5.932587e+00
3.198270057659394e-02	5.992524e+00
3.203152870159394e-02	6.036224e+00
3.208035682659394e-02	6.062892e+00
3.212918495159393e-02	6.072043e+00
3.217801307659393e-02	6.063510e+00
3.222684120159393e-02	6.037448e+00
3.227566932659393e-02	5.994331e+00
3.232449745159392e-02	5.935435e+00
3.236677864144379e-02	5.871811e+00
3.241316915402342e-02	5.789322e+00
3.246199727902342e-02	5.690641e+00
3.251082540402342e-02	5.581382e+00
3.255965352902342e-02	5.463365e+00
3.260848165402341e-02	5.338738e+00
3.265730977902341e-02	5.209767e+00
3.270613790402341e-02	5.078801e+00
3.275496602902341e-02	4.948221e+00
3.280379415402340e-02	4.820404e+00
3.285262227902340e-02	4.697675e+00
3.290145040402340e-02	4.582267e+00
3.295027852902339e-02	4.476280e+00
3.299910665402339e-02	4.381642e+00
3.304793477902339e-02	4.300076e+00
3.309676290402339e-02	4.233064e+00
3.314559102902338e-02	4.181828e+00
3.319441915402338e-02	4.147298e+00
3.324324727902338e-02	4.130103e+00
3.329207540402337e-02	4.130556e+00
3.334090352902337e-02	4.148648e+00
3.338973165402337e-02	4.184052e+00
3.343855977902337e-02	4.236121e+00
3.348738790402336e-02	4.303463e+00
3.352995208448071e-02	4.373878e+00
3.356858217484569e-02	4.447385e+00
3.361741029984568e-02	4.550968e+00
3.366623842484568e-02	4.663886e+00
3.371506654984568e-02	4.784741e+00
3.376389467484568e-02	4.911334e+00
3.381272279984567e-02	5.041361e+00
3.386155092484567e-02	5.172457e+00
3.391037904984567e-02	5.302237e+00
3.395920717484566e-02	5.428338e+00
3.400803529984566e-02	5.548466e+00
3.405686342484566e-02	5.660437e+00
3.410569154984566e-02	5.762212e+00
3.415451967484565e-02	5.851939e+00
3.420334779984565e-02	5.927986e+00
3.425217592484565e-02	5.988970e+00
3.430100404984564e-02	6.033781e+00
3.434983217484564e-02	6.061602e+00
3.439866029984564e-02	6.071929e+00
3.444748842484564e-02	6.064572e+00
3.449631654984563e-02	6.039667e+00
3.454514467484563e-02	5.997666e+00
3.459397279984563e-02	5.939333e+00
3.464280092484563e-02	5.866036e+00
3.468712367341630e-02	5.787100e+00
3.473595179841630e-02	5.687986e+00
3.478477992341630e-02	5.578482e+00
3.483360804841629e-02	5.460271e+00
3.488243617341629e-02	5.335506e+00
3.493126429841629e-02	5.206456e+00
3.498009242341629e-02	5.075470e+00
3.502892054841628e-02	4.944931e+00
3.507774867341628e-02	4.817213e+00
3.512657679841628e-02	4.694641e+00
3.517540492341627e-02	4.579444e+00
3.522423304841627e-02	4.473720e+00
3.527306117341627e-02	4.379390e+00
3.532188929841627e-02	4.298172e+00
3.537071742341626e-02	4.231544e+00
3.541954554841626e-02	4.180717e+00
3.546837367341626e-02	4.146616e+00
3.551720179841625e-02	4.129862e+00
3.556602992341625e-02	4.130760e+00
3.561485804841625e-02	4.149293e+00
3.566368617341625e-02	4.185124e+00
3.571251429841624e-02	4.237601e+00
3.576134242341624e-02	4.305380e+00
3.580467711935412e-02	4.377545e+00
3.584456211470578e-02	4.453937e+00
3.589339023970577e-02	4.558161e+00
3.594221836470577e-02	4.671674e+00
3.599104648970577e-02	4.792981e+00
3.603987461470576e-02	4.919876e+00
3.608870273970576e-02	5.050049e+00
3.613753086470576e-02	5.181131e+00
3.618635898970576e-02	5.310739e+00
3.623518711470575e-02	5.436513e+00
3.628401523970575e-02	5.556165e+00
3.633284336470575e-02	5.667518e+00
3.638167148970575e-02	5.768546e+00
3.643049961470574e-02	5.857410e+00
3.647932773970574e-02	5.932495e+00
3.652815586470574e-02	5.992433e+00
3.657698398970573e-02	6.036134e+00
3.662581211470573e-02	6.062803e+00
3.667464023970573e-02	6.071954e+00
3.672346836470573e-02	6.063422e+00
3.677229648970572e-02	6.037360e+00
3.682112461470572e-02	5.994244e+00
3.686995273970572e-02	5.935349e+00
3.691223346323335e-02	5.871726e+00
3.695862380244102e-02	5.789238e+00
3.700745192744102e-02	5.690558e+00
3.705628005244101e-02	5.581300e+00
3.710510817744101e-02	5.463284e+00
3.715393630244101e-02	5.338657e+00
3.720276442744101e-02	5.209688e+00
3.725159255244100e-02	5.078722e+00
3.730042067744100e-02	4.948143e+00
3.734924880244100e-02	4.820327e+00
3.739807692744099e-02	4.697598e+00
3.744690505244099e-02	4.582191e+00
3.749573317744099e-02	4.476205e+00
3.754456130244099e-02	4.381568e+00
3.759338942744098e-02	4.300003e+00
3.764221755244098e-02	4.232992e+00
3.769104567744098e-02	4.181756e+00
3.773987380244097e-02	4.147227e+00
3.778870192744097e-02	4.130033e+00
3.783753005244097e-02	4.130486e+00
3.788635817744097e-02	4.148580e+00
3.793518630244096e-02	4.183983e+00
3.798401442744096e-02	4.236053e+00
3.803284255244096e-02	4.303396e+00
3.807540679754692e-02	4.373811e+00
3.811403699320440e-02	4.447320e+00
3.816286511820440e-02	4.550904e+00
3.821169324320440e-02	4.663822e+00
3.826052136820440e-02	4.784678e+00
3.830934949320439e-02	4.911272e+00
3.835817761820439e-02	5.041300e+00
3.840700574320439e-02	5.172396e+00
3.845583386820439e-02	5.302176e+00
3.850466199320438e-02	5.428278e+00
3.855349011820438e-02	5.548407e+00
3.860231824320438e-02	5.660378e+00
3.865114636820437e-02	5.762154e+00
3.869997449320437e-02	5.851882e+00
3.874880261820437e-02	5.927929e+00
3.879763074320437e-02	5.988914e+00
3.884645886820436e-02	6.033724e+00
3.889528699320436e-02	6.061546e+00
3.894411511820436e-02	6.071874e+00
3.899294324320435e-02	6.064518e+00
3.904177136820435e-02	6.039613e+00
3.909059949320435e-02	5.997612e+00
3.913942761820435e-02	5.939280e+00
3.918825574320434e-02	5.865983e+00
3.923257832047813e-02	5.787048e+00
3.928140644547812e-02	5.687935e+00
3.933023457047812e-02	5.578430e+00
3.937906269547812e-02	5.460220e+00
3.942789082047812e-02	5.335456e+00
3.947671894547811e-02	5.206407e+00
3.952554707047811e-02	5.075421e+00
3.957437519547811e-02	4.944882e+00
3.962320332047811e-02	4.817165e+00
3.967203144547810e-02	4.694593e+00
3.972085957047810e-02	4.579397e+00
3.976968769547810e-02	4.473673e+00
3.981851582047809e-02	4.379344e+00
3.986734394547809e-02	4.298127e+00
3.991617207047809e-02	4.231499e+00
3.996500019547809e-02	4.180672e+00
4.001382832047808e-02	4.146572e+00
4.006265644547808e-02	4.129818e+00
4.011148457047808e-02	4.130717e+00
4.016031269547807e-02	4.149250e+00
4.020914082047807e-02	4.185081e+00
4.025796894547807e-02	4.237559e+00
4.030679707047807e-02	4.305338e+00
4.035013183020485e-02	4.377505e+00
4.039001692944422e-02	4.453896e+00
4.043884505444421e-02	4.558121e+00
4.048767317944421e-02	4.671635e+00
4.053650130444421e-02	4.792943e+00
4.058532942944421e-02	4.919837e+00
4.063415755444420e-02	5.050011e+00
4.068298567944420e-02	5.181094e+00
4.073181380444420e-02	5.310701e+00
4.078064192944419e-02	5.436476e+00
4.082947005444419e-02	5.556128e+00
4.087829817944419e-02	5.667481e+00
4.092712630444419e-02	5.768510e+00
4.097595442944418e-02	5.857375e+00
4.102478255444418e-02	5.932460e+00
4.107361067944418e-02	5.992398e+00
4.112243880444418e-02	6.036099e+00
4.117126692944417e-02	6.062768e+00
4.122009505444417e-02	6.071920e+00
4.126892317944417e-02	6.063387e+00
4.131775130444416e-02	6.037326e+00
4.136657942944416e-02	5.994210e+00
4.141540755444416e-02	5.935316e+00
4.145768810888562e-02	5.871693e+00
4.150407838522945e-02	5.789206e+00
4.155290651022945e-02	5.690526e+00
4.160173463522945e-02	5.581268e+00
4.165056276022944e-02	5.463252e+00
4.169939088522944e-02	5.338626e+00
4.174821901022944e-02	5.209657e+00
4.179704713522944e-02	5.078691e+00
4.184587526022943e-02	4.948113e+00
4.189470338522943e-02	4.820297e+00
4.194353151022943e-02	4.697569e+00
4.199235963522942e-02	4.582162e+00
4.204118776022942e-02	4.476176e+00
4.209001588522942e-02	4.381539e+00
4.213884401022942e-02	4.299974e+00
4.218767213522941e-02	4.232964e+00
4.223650026022941e-02	4.181728e+00
4.228532838522941e-02	4.147199e+00
4.233415651022941e-02	4.130005e+00
4.238298463522940e-02	4.130459e+00
4.243181276022940e-02	4.148553e+00
4.248064088522940e-02	4.183957e+00
4.252946901022939e-02	4.236027e+00
4.257829713522939e-02	4.303370e+00
4.262086140377662e-02	4.373786e+00
4.265949163761264e-02	4.447294e+00
4.270831976261264e-02	4.550879e+00
4.275714788761264e-02	4.663798e+00
4.280597601261264e-02	4.784654e+00
4.285480413761263e-02	4.911247e+00
4.290363226261263e-02	5.041276e+00
4.295246038761263e-02	5.172372e+00
4.300128851261262e-02	5.302153e+00
4.305011663761262e-02	5.428254e+00
4.309894476261262e-02	5.548384e+00
4.314777288761262e-02	5.660355e+00
4.319660101261261e-02	5.762131e+00
4.324542913761261e-02	5.851859e+00
4.329425726261261e-02	5.927907e+00
4.334308538761261e-02	5.988892e+00
4.339191351261260e-02	6.033702e+00
4.344074163761260e-02	6.061525e+00
4.348956976261260e-02	6.071852e+00
4.353839788761259e-02	6.064497e+00
4.358722601261259e-02	6.039592e+00
4.363605413761259e-02	5.997591e+00
4.368488226261259e-02	5.939259e+00
4.373371038761258e-02	5.865963e+00
4.377803290277497e-02	5.787028e+00
4.382686102777496e-02	5.687915e+00
4.387568915277496e-02	5.578410e+00
4.392451727777496e-02	5.460201e+00
4.397334540277496e-02	5.335436e+00
4.402217352777495e-02	5.206388e+00
4.407100165277495e-02	5.075402e+00
4.411982977777495e-02	4.944863e+00
4.416865790277495e-02	4.817146e+00
4.421748602777494e-02	4.694575e+00
4.426631415277494e-02	4.579379e+00
4.431514227777494e-02	4.473655e+00
4.436397040277493e-02	4.379326e+00
4.441279852777493e-02	4.298109e+00
4.446162665277493e-02	4.231481e+00
4.451045477777493e-02	4.180655e+00
4.455928290277492e-02	4.146555e+00
4.460811102777492e-02	4.129802e+00
4.465693915277492e-02	4.130700e+00
4.470576727777491e-02	4.149234e+00
4.475459540277491e-02	4.185065e+00
4.480342352777491e-02	4.237543e+00
4.485225165277491e-02	4.305322e+00
4.489558643563123e-02	4.377489e+00
4.493547157253978e-02	4.453880e+00
4.498429969753977e-02	4.558106e+00
4.503312782253977e-02	4.671619e+00
4.508195594753977e-02	4.792927e+00
4.513078407253977e-02	4.919822e+00
4.517961219753976e-02	5.049995e+00
4.522844032253976e-02	5.181079e+00
4.527726844753976e-02	5.310687e+00
4.532609657253975e-02	5.436461e+00
4.537492469753975e-02	5.556114e+00
4.542375282253975e-02	5.667468e+00
4.547258094753975e-02	5.768496e+00
4.552140907253974e-02	5.857361e+00
4.557023719753974e-02	5.932446e+00
4.561906532253974e-02	5.992384e+00
4.566789344753974e-02	6.036086e+00
4.571672157253973e-02	6.062755e+00
4.576554969753973e-02	6.071907e+00
4.581437782253973e-02	6.063375e+00
4.586320594753972e-02	6.037313e+00
4.591203407253972e-02	5.994198e+00
4.596086219753972e-02	5.935303e+00
4.600314269067136e-02	5.871681e+00
4.604953294422109e-02	5.789193e+00
4.609836106922108e-02	5.690514e+00
4.614718919422108e-02	5.581256e+00
4.619601731922108e-02	5.463240e+00
4.624484544422108e-02	5.338614e+00
4.629367356922107e-02	5.209645e+00
4.634250169422107e-02	5.078680e+00
4.639132981922107e-02	4.948102e+00
4.644015794422107e-02	4.820285e+00
4.648898606922106e-02	4.697557e+00
4.653781419422106e-02	4.582150e+00
4.658664231922106e-02	4.476165e+00
4.663547044422105e-02	4.381528e+00
4.668429856922105e-02	4.299963e+00
4.673312669422105e-02	4.232953e+00
4.678195481922105e-02	4.181717e+00
4.683078294422104e-02	4.147189e+00
4.687961106922104e-02	4.129995e+00
4.692843919422104e-02	4.130449e+00
4.697726731922103e-02	4.148542e+00
4.702609544422103e-02	4.183947e+00
4.707492356922103e-02	4.236017e+00
4.712375169422103e-02	4.303360e+00
4.716631597126794e-02	4.373776e+00
4.720494621894732e-02	4.447284e+00
4.725377434394731e-02	4.550869e+00
4.730260246894731e-02	4.663788e+00
4.735143059394731e-02	4.784644e+00
4.740025871894731e-02	4.911238e+00
4.744908684394730e-02	5.041266e+00
4.749791496894730e-02	5.172363e+00
4.754674309394730e-02	5.302143e+00
4.759557121894729e-02	5.428246e+00
4.764439934394729e-02	5.548375e+00
4.769322746894729e-02	5.660346e+00
4.774205559394729e-02	5.762122e+00
4.779088371894728e-02	5.851850e+00
4.783971184394728e-02	5.927898e+00
4.788853996894728e-02	5.988883e+00
4.793736809394727e-02	6.033694e+00
4.798619621894727e-02	6.061517e+00
4.803502434394727e-02	6.071844e+00
4.808385246894727e-02	6.064488e+00
4.813268059394726e-02	6.039584e+00
4.818150871894726e-02	5.997583e+00
4.823033684394726e-02	5.939250e+00
4.827916496894726e-02	5.865954e+00
4.832348746158834e-02	5.787020e+00
4.837231558658834e-02	5.687907e+00
4.842114371158834e-02	5.578403e+00
4.846997183658833e-02	5.460193e+00
4.851879996158833e-02	5.335429e+00
4.856762808658833e-02	5.206380e+00
4.861645621158833e-02	5.075395e+00
4.866528433658832e-02	4.944856e+00
4.871411246158832e-02	4.817139e+00
4.876294058658832e-02	4.694568e+00
4.881176871158831e-02	4.579372e+00
4.886059683658831e-02	4.473648e+00
4.890942496158831e-02	4.379319e+00
4.895825308658831e-02	4.298102e+00
4.900708121158830e-02	4.231474e+00
4.905590933658830e-02	4.180648e+00
4.910473746158830e-02	4.146548e+00
4.915356558658830e-02	4.129795e+00
4.920239371158829e-02	4.130693e+00
4.925122183658829e-02	4.149227e+00
4.930004996158829e-02	4.185059e+00
4.934887808658828e-02	4.237536e+00
4.939770621158828e-02	4.305316e+00
4.944104100283126e-02	4.377482e+00
4.948092615339844e-02	4.453875e+00
4.952975427839844e-02	4.558100e+00
4.957858240339844e-02	4.671613e+00
4.962741052839843e-02	4.792921e+00
4.967623865339843e-02	4.919816e+00
4.972506677839843e-02	5.049990e+00
4.977389490339842e-02	5.181073e+00
4.982272302839842e-02	5.310681e+00
4.987155115339842e-02	5.436456e+00
4.992037927839842e-02	5.556108e+00
4.996920740339841e-02	5.668452e+00
5.000000000000000e-02	5.735372e+00
