0.000000000000000e+00	-2.780457e-01
1.041666000000177e-06	-2.785878e-01
3.124998000000531e-06	-2.795768e-01
5.524998000000156e-06	-2.805557e-01
7.924997999999780e-06	-2.813487e-01
1.032499799999941e-05	-2.819571e-01
1.272499799999903e-05	-2.823892e-01
1.512499799999865e-05	-2.826505e-01
1.752499799999828e-05	-2.827497e-01
1.992499799999790e-05	-2.826924e-01
2.232499799999753e-05	-2.824845e-01
2.472499799999715e-05	-2.821331e-01
2.712499799999678e-05	-2.816429e-01
2.952499799999640e-05	-2.810197e-01
3.192499799999603e-05	-2.802682e-01
3.432499799999565e-05	-2.793932e-01
3.672499799999528e-05	-2.783995e-01
3.912499799999490e-05	-2.772908e-01
4.152499799999453e-05	-2.760720e-01
4.392499799999415e-05	-2.747459e-01
4.872499799999340e-05	-2.717881e-01
5.078214085713594e-05	-2.703960e-01
5.283928371427847e-05	-2.689389e-01
5.489642657142101e-05	-2.674169e-01
5.695356942856354e-05	-2.658300e-01
5.901071228570608e-05	-2.641782e-01
6.106785514284861e-05	-2.624614e-01
6.312499799999115e-05	-2.606797e-01
6.792499799999040e-05	-2.563004e-01
6.998214085713293e-05	-2.543255e-01
7.203928371427547e-05	-2.522973e-01
7.409642657141800e-05	-2.502158e-01
7.615356942856054e-05	-2.480810e-01
7.821071228570307e-05	-2.458929e-01
8.026785514284561e-05	-2.436515e-01
8.232499799998814e-05	-2.413568e-01
8.952499799998702e-05	-2.329421e-01
9.295356942855791e-05	-2.287223e-01
9.638214085712880e-05	-2.243772e-01
9.981071228569970e-05	-2.199068e-01
1.032392837142706e-04	-2.153112e-01
1.066678551428415e-04	-2.105903e-01
1.100964265714124e-04	-2.057442e-01
1.135249979999833e-04	-2.007728e-01
1.172964265714112e-04	-1.951688e-01
1.210678551428392e-04	-1.894222e-01
1.248392837142672e-04	-1.835329e-01
1.286107122856952e-04	-1.775011e-01
1.323821408571232e-04	-1.713266e-01
1.361535694285512e-04	-1.650095e-01
1.399249979999791e-04	-1.585498e-01
1.471249979999780e-04	-1.458220e-01
1.543249979999769e-04	-1.325693e-01
1.570678551428336e-04	-1.273828e-01
1.598107122856903e-04	-1.221163e-01
1.625535694285470e-04	-1.167698e-01
1.652964265714037e-04	-1.113434e-01
1.680392837142605e-04	-1.058370e-01
1.707821408571172e-04	-1.002507e-01
1.735249979999739e-04	-9.458447e-02
1.807249979999728e-04	-7.930517e-02
1.855249979999720e-04	-6.878805e-02
1.927249979999709e-04	-5.249739e-02
1.975249979999701e-04	-4.127932e-02
2.023249979999694e-04	-2.976274e-02
2.047249979999690e-04	-2.388811e-02
2.071249979999686e-04	-1.793432e-02
2.095249979999683e-04	-1.189947e-02
2.119249979999679e-04	-5.781651e-03
2.143249979999675e-04	4.220009e-04
2.167249979999671e-04	6.712437e-03
2.191249979999668e-04	1.309252e-02
2.215249979999664e-04	1.956511e-02
2.239249979999660e-04	2.613211e-02
2.263249979999656e-04	3.279638e-02
2.287249979999652e-04	3.956079e-02
2.311249979999649e-04	4.642868e-02
2.335249979999645e-04	5.340338e-02
2.359249979999641e-04	6.048822e-02
2.383249979999637e-04	6.768656e-02
2.407249979999634e-04	7.500267e-02
2.431249979999630e-04	8.244133e-02
2.455249979999626e-04	9.000683e-02
2.479249979999622e-04	9.770346e-02
2.503249979999619e-04	1.055365e-01
2.527249979999615e-04	1.135120e-01
2.575249979999607e-04	1.299086e-01
2.599249979999604e-04	1.383328e-01
2.647249979999596e-04	1.556244e-01
2.674678551428163e-04	1.657746e-01
2.702107122856730e-04	1.760982e-01
2.729535694285298e-04	1.865953e-01
2.756964265713865e-04	1.972657e-01
2.784392837142432e-04	2.081096e-01
2.811821408570999e-04	2.191269e-01
2.839249979999566e-04	2.303176e-01
2.911249979999555e-04	2.604117e-01
2.931821408570980e-04	2.692052e-01
2.952392837142406e-04	2.780753e-01
2.972964265713831e-04	2.870219e-01
2.993535694285256e-04	2.960451e-01
3.014107122856682e-04	3.051449e-01
3.034678551428107e-04	3.143212e-01
3.055249979999532e-04	3.235741e-01
3.092964265713812e-04	3.407398e-01
3.130678551428092e-04	3.580984e-01
3.168392837142372e-04	3.756500e-01
3.206107122856652e-04	3.933945e-01
3.243821408570931e-04	4.113319e-01
3.281535694285211e-04	4.294622e-01
3.319249979999491e-04	4.477854e-01
3.339821408570916e-04	4.578324e-01
3.360392837142342e-04	4.679167e-01
3.380964265713767e-04	4.780384e-01
3.401535694285193e-04	4.881975e-01
3.422107122856618e-04	4.983940e-01
3.442678551428043e-04	5.086278e-01
3.463249979999469e-04	5.188990e-01
3.483821408570894e-04	5.292004e-01
3.504392837142319e-04	5.395247e-01
3.524964265713745e-04	5.498720e-01
3.545535694285170e-04	5.602421e-01
3.566107122856595e-04	5.706353e-01
3.586678551428021e-04	5.810513e-01
3.607249979999446e-04	5.914903e-01
3.648392837142297e-04	6.124443e-01
3.689535694285147e-04	6.334020e-01
3.730678551427998e-04	6.543634e-01
3.771821408570849e-04	6.753285e-01
3.812964265713700e-04	6.962973e-01
3.854107122856550e-04	7.172698e-01
3.895249979999401e-04	7.382460e-01
3.967249979999390e-04	7.747383e-01
3.991249979999386e-04	7.868577e-01
4.015249979999382e-04	7.989370e-01
4.039249979999378e-04	8.109762e-01
4.063249979999375e-04	8.229754e-01
4.087249979999371e-04	8.349346e-01
4.111249979999367e-04	8.468537e-01
4.135249979999363e-04	8.587327e-01
4.166107122856502e-04	8.739359e-01
4.196964265713640e-04	8.890303e-01
4.227821408570778e-04	9.040160e-01
4.258678551427916e-04	9.188929e-01
4.289535694285054e-04	9.336610e-01
4.320392837142192e-04	9.483204e-01
4.351249979999330e-04	9.628711e-01
4.399249979999322e-04	9.852152e-01
4.416392837142177e-04	9.931158e-01
4.433535694285031e-04	1.000969e+00
4.450678551427886e-04	1.008774e+00
4.467821408570740e-04	1.016531e+00
4.484964265713594e-04	1.024241e+00
4.502107122856449e-04	1.031903e+00
4.519249979999303e-04	1.039517e+00
4.567249979999296e-04	1.060553e+00
4.639249979999285e-04	1.091300e+00
4.687249979999277e-04	1.111226e+00
4.707821408570702e-04	1.119623e+00
4.728392837142128e-04	1.127925e+00
4.748964265713553e-04	1.136133e+00
4.769535694284979e-04	1.144247e+00
4.790107122856404e-04	1.152266e+00
4.810678551427829e-04	1.160190e+00
4.831249979999255e-04	1.168020e+00
4.903249979999243e-04	1.194608e+00
4.975249979999232e-04	1.219899e+00
5.023249979999225e-04	1.236006e+00
5.095249979999213e-04	1.258991e+00
5.143249979999206e-04	1.273504e+00
5.191249979999198e-04	1.287349e+00
5.215249979999195e-04	1.294016e+00
5.239249979999191e-04	1.300510e+00
5.263249979999187e-04	1.306829e+00
5.287249979999183e-04	1.312971e+00
5.311249979999180e-04	1.318934e+00
5.335249979999176e-04	1.324716e+00
5.359249979999172e-04	1.330316e+00
5.383249979999168e-04	1.335731e+00
5.407249979999165e-04	1.340961e+00
5.431249979999161e-04	1.346003e+00
5.455249979999157e-04	1.350856e+00
5.479249979999153e-04	1.355517e+00
5.503249979999150e-04	1.359987e+00
5.527249979999146e-04	1.364263e+00
5.551249979999142e-04	1.368343e+00
5.575249979999138e-04	1.372227e+00
5.599249979999135e-04	1.375913e+00
5.623249979999131e-04	1.379400e+00
5.647249979999127e-04	1.382686e+00
5.695249979999119e-04	1.388651e+00
5.743249979999112e-04	1.393800e+00
5.791249979999104e-04	1.398125e+00
5.839249979999097e-04	1.401618e+00
5.863249979999093e-04	1.403050e+00
5.887249979999089e-04	1.404272e+00
5.935249979999082e-04	1.406081e+00
5.959249979999078e-04	1.406666e+00
5.983249979999074e-04	1.407055e+00
6.000000000000007e-04	1.407227e+00
